400.0 	 -0.5950752212346977
400.3001500750375 	 -0.5954263435359319
400.60030015007504 	 -0.5957796909961122
400.90045022511254 	 -0.5961352518135676
401.2006003001501 	 -0.5964930143043112
401.5007503751876 	 -0.5968529668876066
401.80090045022513 	 -0.597215098090409
402.1010505252626 	 -0.5975793965418141
402.40120060030017 	 -0.5979458509752789
402.70135067533766 	 -0.5983144502264004
403.0015007503752 	 -0.5986851832306961
403.3016508254127 	 -0.5990580390258238
403.60180090045026 	 -0.5994330067449205
403.90195097548775 	 -0.5998100756210434
404.2021010505253 	 -0.6001892349838389
404.5022511255628 	 -0.6005704742551021
404.80240120060034 	 -0.6009537829576583
405.1025512756378 	 -0.6013391507009302
405.40270135067533 	 -0.60172656719093
405.7028514257128 	 -0.6021160222191568
406.0030015007504 	 -0.6025075056725893
406.30315157578787 	 -0.6029010075325747
406.6033016508254 	 -0.6032965178504046
406.9034517258629 	 -0.6036940267850621
407.20360180090046 	 -0.6040935245743562
407.50375187593795 	 -0.604495001537142
407.8039019509755 	 -0.6048984480799824
408.104052026013 	 -0.6053038546915968
408.40420210105054 	 -0.6057112119517427
408.70435217608804 	 -0.6061205105090117
409.0045022511256 	 -0.6065317411008131
409.3046523261631 	 -0.6069448945422717
409.60480240120063 	 -0.6073599617306691
409.9049524762381 	 -0.607776933635451
410.2051025512757 	 -0.6081958013126609
410.50525262631317 	 -0.608616555882735
410.8054027013507 	 -0.6090391885549273
411.1055527763882 	 -0.6094636906039952
411.4057028514257 	 -0.6098900533835216
411.7058529264632 	 -0.6103182683181441
412.00600300150074 	 -0.610748326907995
412.30615307653824 	 -0.6111802207209305
412.6063031515758 	 -0.6116139414014121
412.9064532266133 	 -0.6120494806605148
413.20660330165083 	 -0.6124868302792574
413.5067533766883 	 -0.612925982108603
413.8069034517259 	 -0.6133669280650178
414.10705352676337 	 -0.6138096601415732
414.4072036018009 	 -0.6142541703835214
414.7073536768384 	 -0.6147004509138299
415.00750375187596 	 -0.6151484939165286
415.30765382691345 	 -0.6155982916411507
415.607803901951 	 -0.616049836401622
415.9079539769885 	 -0.616503120572931
416.20810405202604 	 -0.6169581366000099
416.50825412706354 	 -0.6174148769788612
416.8084042021011 	 -0.6178733342754317
417.1085542771386 	 -0.618333501111179
417.4087043521761 	 -0.6187953701763949
417.70885442721357 	 -0.6192589342102206
418.0090045022511 	 -0.6197241860206315
418.3091545772886 	 -0.6201911184622322
418.60930465232616 	 -0.6206597244617917
418.90945472736365 	 -0.6211299969904882
419.2096048024012 	 -0.6216019290850028
419.5097548774387 	 -0.6220755138330869
419.80990495247624 	 -0.6225507443802236
420.11005502751374 	 -0.623027613931848
420.4102051025513 	 -0.6235061157355837
420.7103551775888 	 -0.6239862431012266
421.01050525262633 	 -0.6244679893951943
421.3106553276638 	 -0.6249513480260926
421.6108054027014 	 -0.6254363124669204
421.91095547773887 	 -0.625922876232865
422.2111055527764 	 -0.6264110328957351
422.5112556278139 	 -0.6269007760761891
422.81140570285146 	 -0.6273920994448456
423.11155577788895 	 -0.6278849967233935
423.41170585292645 	 -0.6283794616857019
423.71185592796394 	 -0.6288754881433878
424.0120060030015 	 -0.6293730699724609
424.312156078039 	 -0.6298722010855684
424.61230615307653 	 -0.6303728754453175
424.912456228114 	 -0.6308750870576141
425.2126063031516 	 -0.6313788299894263
425.51275637818907 	 -0.6318840983343676
425.8129064532266 	 -0.6323908862415628
426.1130565282641 	 -0.6328991879089862
426.41320660330166 	 -0.63340899757236
426.71335667833915 	 -0.6339203095118151
427.0135067533767 	 -0.6344331180607732
427.3136568284142 	 -0.6349474175793013
427.61380690345175 	 -0.635463202489639
427.91395697848924 	 -0.6359804672417813
428.2141070535268 	 -0.6364992063334629
428.5142571285643 	 -0.637019414309048
428.81440720360183 	 -0.6375410857462072
429.1145572786393 	 -0.6380642152681304
429.4147073536768 	 -0.6385887975368654
429.7148574287143 	 -0.6391148272566483
430.01500750375186 	 -0.6396422991727935
430.31515757878935 	 -0.6401712080639221
430.6153076538269 	 -0.6407015487541745
430.9154577288644 	 -0.6412333161043282
431.21560780390195 	 -0.6417665050129084
431.51575787893944 	 -0.6423011104195187
431.815907953977 	 -0.6428371272926281
432.1160580290145 	 -0.6433745506539967
432.41620810405203 	 -0.643913375547589
432.7163581790895 	 -0.6444535970573373
433.0165082541271 	 -0.6449952103126932
433.31665832916457 	 -0.6455382104642027
433.6168084042021 	 -0.6460825927134817
433.9169584792396 	 -0.6466283522865712
434.21710855427716 	 -0.6471754844483701
434.51725862931465 	 -0.6477239845004146
434.8174087043522 	 -0.6482738477719963
435.1175587793897 	 -0.6488250696357056
435.4177088544272 	 -0.6493776454918887
435.7178589294647 	 -0.6499315707730879
436.01800900450223 	 -0.6504868409529241
436.3181590795397 	 -0.6510434515261121
436.6183091545773 	 -0.6516013980339963
436.91845922961477 	 -0.6521606760345744
437.2186093046523 	 -0.6527212811335836
437.5187593796898 	 -0.6532832089567453
437.81890945472736 	 -0.6538464551686385
438.11905952976485 	 -0.654411015457157
438.4192096048024 	 -0.6549768855490523
438.7193596798399 	 -0.6555440611988317
439.01950975487745 	 -0.6561125381876476
439.31965982991494 	 -0.6566823123299592
439.6198099049525 	 -0.6572533794724222
439.91995997999 	 -0.6578257354916683
440.22011005502753 	 -0.658399376283203
440.520260130065 	 -0.6589742977847202
440.8204102051026 	 -0.6595504959527876
441.12056028014007 	 -0.6601279667783899
441.42071035517756 	 -0.6607067062813776
441.7208604302151 	 -0.6612867105049158
442.0210105052526 	 -0.6618679755210355
442.32116058029015 	 -0.662450497433964
442.62131065532765 	 -0.6630342723679128
442.9214607303652 	 -0.6636192964792897
443.2216108054027 	 -0.6642055659544788
443.52176088044024 	 -0.6647930769942967
443.82191095547773 	 -0.6653818258417488
444.1220610305153 	 -0.6659718087487221
444.4222111055528 	 -0.6665630220115126
444.7223611805903 	 -0.6671554619352982
445.0225112556278 	 -0.6677491248618939
445.32266133066537 	 -0.6683440071530988
445.62281140570286 	 -0.6689401051973576
445.9229614807404 	 -0.6695374154075395
446.2231115557779 	 -0.6701359342231594
446.52326163081545 	 -0.6707356581026058
446.82341170585295 	 -0.6713365835364637
447.1235617808905 	 -0.6719387070297511
447.42371185592793 	 -0.6725420251219028
447.7238619309655 	 -0.6731465343678966
448.024012006003 	 -0.6737522313482458
448.3241620810405 	 -0.6743591126667781
448.624312156078 	 -0.6749671749495256
448.92446223111557 	 -0.6755764148502763
449.22461230615306 	 -0.6761868290394712
449.5247623811906 	 -0.6767984142086458
449.8249124562281 	 -0.6774111670793115
450.12506253126566 	 -0.6780250843885227
450.42521260630315 	 -0.678640162897759
450.7253626813407 	 -0.6792563993940348
451.0255127563782 	 -0.6798737906699159
451.32566283141574 	 -0.6804923335612667
451.62581290645323 	 -0.6811120249106128
451.9259629814908 	 -0.6817328615837948
452.2261130565283 	 -0.6823548404732982
452.5262631315658 	 -0.6829779584849316
452.8264132066033 	 -0.6836022125500385
453.12656328164087 	 -0.6842275996166158
453.4267133566783 	 -0.6848541166537547
453.72686343171586 	 -0.6854817606527508
454.02701350675335 	 -0.686110528621553
454.3271635817909 	 -0.6867404175892045
454.6273136568284 	 -0.6873714246069529
454.92746373186594 	 -0.688003546741589
455.22761380690343 	 -0.688636781076557
455.527763881941 	 -0.6892711247219463
455.8279139569785 	 -0.6899065747989486
456.128064032016 	 -0.6905431284565111
456.4282141070535 	 -0.6911807828513528
456.72836418209107 	 -0.6918195351646172
457.02851425712856 	 -0.6924593825985426
457.3286643321661 	 -0.6931003223642485
457.6288144072036 	 -0.6937423517028307
457.92896448224116 	 -0.6943854678587158
458.22911455727865 	 -0.6950296681107471
458.5292646323162 	 -0.6956749497422088
458.8294147073537 	 -0.6963213100596999
459.12956478239124 	 -0.6969687463809215
459.4297148574287 	 -0.6976172560513305
459.7298649324662 	 -0.6982668364219347
460.0300150075037 	 -0.698917484869277
460.33016508254127 	 -0.6995691987843333
460.63031515757876 	 -0.7002219755691819
460.9304652326163 	 -0.7008758126503256
461.2306153076538 	 -0.7015307074653698
461.53076538269136 	 -0.7021866574707936
461.83091545772885 	 -0.7028436601363985
462.1310655327664 	 -0.7035017129508603
462.4312156078039 	 -0.7041608134183974
462.73136568284144 	 -0.7048209590554411
463.03151575787894 	 -0.7054821473972961
463.3316658329165 	 -0.7061443759948105
463.631815907954 	 -0.7068076424132652
463.9319659829915 	 -0.7074719442279331
464.232116058029 	 -0.708137279042953
464.53226613306657 	 -0.7088036444613532
464.83241620810406 	 -0.7094710381128078
465.1325662831416 	 -0.7101394576347619
465.43271635817905 	 -0.7108089006857554
465.7328664332166 	 -0.7114793649276585
466.0330165082541 	 -0.7121508480512073
466.33316658329164 	 -0.7128233477515789
466.63331665832914 	 -0.7134968617406034
466.9334667333667 	 -0.7141713877423239
467.2336168084042 	 -0.7148469235007671
467.53376688344173 	 -0.7155234667644006
467.8339169584792 	 -0.7162010153094478
468.13406703351677 	 -0.7168795669076911
468.43421710855426 	 -0.7175591193608888
468.7343671835918 	 -0.7182396704752403
469.0345172586293 	 -0.7189212180702675
469.33466733366686 	 -0.7196037599832561
469.63481740870435 	 -0.7202872940603733
469.9349674837419 	 -0.7209718181644398
470.2351175587794 	 -0.7216573301693785
470.53526763381694 	 -0.7223438279579941
470.83541770885444 	 -0.723031309436406
471.135567783892 	 -0.7237197725118438
471.4357178589294 	 -0.7244092151126313
471.735867933967 	 -0.7250996351726435
472.03601800900447 	 -0.7257910306424087
472.336168084042 	 -0.726483399486888
472.6363181590795 	 -0.7271767396743734
472.93646823411706 	 -0.727871049195361
473.23661830915455 	 -0.7285663260470088
473.5367683841921 	 -0.7292625682397968
473.8369184592296 	 -0.7299597737975283
474.13706853426714 	 -0.7306579407473368
474.43721860930464 	 -0.7313570671396707
474.7373686843422 	 -0.7320571510338603
475.0375187593797 	 -0.7327581904925662
475.33766883441723 	 -0.7334601835995436
475.6378189094547 	 -0.7341631284452088
475.9379689844923 	 -0.7348670231277499
476.23811905952977 	 -0.735571865766449
476.5382691345673 	 -0.7362776544805882
476.8384192096048 	 -0.7369843874116544
477.13856928464236 	 -0.7376920627022443
477.43871935967985 	 -0.738400678510498
477.7388694347174 	 -0.7391102330056576
478.0390195097549 	 -0.7398207243625166
478.33916958479244 	 -0.7405321507758522
478.63931965982994 	 -0.7412445104415522
478.9394697348675 	 -0.7419578015721573
479.239619809905 	 -0.7426720223879801
479.53976988494253 	 -0.7433871711193252
479.83991995998 	 -0.7441032460075991
480.1400700350176 	 -0.7448202453030905
480.44022011005507 	 -0.7455381672694106
480.7403701850925 	 -0.7462570101790522
481.04052026013 	 -0.7469767723089493
481.34067033516754 	 -0.7476974519515789
481.64082041020504 	 -0.7484190474116303
481.9409704852426 	 -0.7491415569960136
482.2411205602801 	 -0.7498649790282919
482.54127063531763 	 -0.7505893118342488
482.8414207103551 	 -0.7513145537574317
483.1415707853927 	 -0.7520407031469389
483.44172086043017 	 -0.7527677583551995
483.7418709354677 	 -0.7534957177579571
484.0420210105052 	 -0.7542245797265146
484.34217108554276 	 -0.7549543426510485
484.64232116058025 	 -0.7556850049217356
484.9424712356178 	 -0.7564165649476262
485.2426213106553 	 -0.7571490211399912
485.54277138569284 	 -0.7578823719223138
485.84292146073034 	 -0.7586166157225183
486.1430715357679 	 -0.7593517509840719
486.4432216108054 	 -0.760087776154883
486.74337168584293 	 -0.7608246896873005
487.0435217608804 	 -0.7615624900569884
487.343671835918 	 -0.762301175732949
487.64382191095547 	 -0.763040745195287
487.943971985993 	 -0.7637811969407604
488.2441220610305 	 -0.7645225294672375
488.54427213606806 	 -0.7652647412803582
488.84442221110555 	 -0.7660078309013052
489.1445722861431 	 -0.766751796853482
489.4447223611806 	 -0.7674966376669534
489.74487243621815 	 -0.7682423518851067
490.04502251125564 	 -0.7689889380568804
490.3451725862932 	 -0.769736394741205
490.6453226613307 	 -0.7704847204970111
490.94547273636823 	 -0.7712339139021029
491.2456228114057 	 -0.7719839735365053
491.5457728864433 	 -0.7727348979880144
491.84592296148077 	 -0.7734866858566392
492.1460730365183 	 -0.7742393357379473
492.4462231115558 	 -0.7749928462497113
492.74637318659325 	 -0.7757472160097034
493.04652326163074 	 -0.7765024436445778
493.3466733366683 	 -0.7772585277876498
493.6468234117058 	 -0.7780154670800066
493.94697348674333 	 -0.7787732601727271
494.2471235617808 	 -0.7795319057180006
494.5472736368184 	 -0.7802914023857799
494.84742371185587 	 -0.7810517488404667
495.1475737868934 	 -0.7818129437620058
495.4477238619309 	 -0.782574985834783
495.74787393696846 	 -0.783337873753176
496.04802401200595 	 -0.7841016062137829
496.3481740870435 	 -0.7848661819243041
496.648324162081 	 -0.7856315995946606
496.94847423711855 	 -0.7863978579492059
497.24862431215604 	 -0.7871649557111837
497.5487743871936 	 -0.7879328916171602
497.8489244622311 	 -0.788701664401481
498.14907453726863 	 -0.7894712728195863
498.4492246123061 	 -0.7902417156169239
498.7493746873437 	 -0.7910129915611464
499.04952476238117 	 -0.7917850994143549
499.3496748374187 	 -0.7925580379475328
499.6498249124562 	 -0.7933318059483163
499.94997498749376 	 -0.7941064021987909
500.25012506253125 	 -0.7948818254877033
500.5502751375688 	 -0.7956580746226738
500.8504252126063 	 -0.7964351484024412
501.15057528764385 	 -0.7972130456412874
501.45072536268134 	 -0.7979917651546042
501.7508754377189 	 -0.7987713057699963
502.0510255127564 	 -0.7995516663172886
502.35117558779393 	 -0.8003328456307468
502.6513256628314 	 -0.8011148425535186
502.951475737869 	 -0.801897655935413
503.25162581290647 	 -0.8026812846306797
503.551775887944 	 -0.8034657275002299
503.8519259629815 	 -0.8042509834094158
504.15207603801906 	 -0.8050370512291405
504.45222611305655 	 -0.8058239298380787
504.752376188094 	 -0.8066116181226768
505.05252626313154 	 -0.8074001149738219
505.35267633816903 	 -0.8081894192790706
505.6528264132066 	 -0.8089795299504043
505.9529764882441 	 -0.8097704458864818
506.2531265632816 	 -0.8105621660037254
506.5532766383191 	 -0.8113546892185575
506.85342671335667 	 -0.8121480144540616
507.15357678839416 	 -0.8129421406422033
507.4537268634317 	 -0.8137370667171684
507.7538769384692 	 -0.8145327916153633
508.05402701350675 	 -0.8153293142854068
508.35417708854425 	 -0.8161266336770279
508.6543271635818 	 -0.8169247487466169
508.9544772386193 	 -0.8177236584550052
509.25462731365684 	 -0.8185233617719057
509.55477738869433 	 -0.8193238576670314
509.8549274637319 	 -0.8201251451189773
510.1550775387694 	 -0.8209272231085585
510.4552276138069 	 -0.8217300906254721
510.7553776888444 	 -0.8225337466594151
511.05552776388197 	 -0.8233381902111869
511.35567783891946 	 -0.8241434202815867
511.655827913957 	 -0.8249494358802956
511.9559779889945 	 -0.8257562360158843
512.256128064032 	 -0.8265638197135772
512.5562781390696 	 -0.8273721859886063
512.856428214107 	 -0.8281813338772981
513.1565782891446 	 -0.8289912624037665
513.4567283641821 	 -0.8298019706109994
513.7568784392197 	 -0.8306134575364332
514.0570285142571 	 -0.8314257222308274
514.3571785892947 	 -0.8322387637416107
514.6573286643322 	 -0.8330525811306444
514.9574787393698 	 -0.8338671734575698
515.2576288144072 	 -0.8346825397864688
515.5577788894448 	 -0.8354986791880847
515.8579289644823 	 -0.8363155907342712
516.1580790395199 	 -0.8371332735146453
516.4582291145573 	 -0.8379517266021708
516.7583791895947 	 -0.8387709490920159
517.0585292646323 	 -0.8395909400760182
517.3586793396698 	 -0.840411698649346
517.6588294147073 	 -0.8412332239182696
517.9589794897448 	 -0.8420555149846187
518.2591295647824 	 -0.8428785709624353
518.5592796398199 	 -0.8437023909657615
518.8594297148574 	 -0.8445269741153005
519.1595797898949 	 -0.845352319532866
519.4597298649325 	 -0.8461784263480432
519.75987993997 	 -0.8470052936915273
520.0600300150074 	 -0.8478329207040058
520.360180090045 	 -0.848661306520615
520.6603301650825 	 -0.8494904502931444
520.9604802401201 	 -0.8503203511645019
521.2606303151575 	 -0.8511510082886975
521.5607803901951 	 -0.8519824208275129
521.8609304652326 	 -0.8528145879360682
522.1610805402702 	 -0.8536475087839168
522.4612306153076 	 -0.854481182541722
522.7613806903452 	 -0.855315608379037
523.0615307653827 	 -0.8561507854765171
523.3616808404203 	 -0.8569867130159281
523.6618309154577 	 -0.8578233901779253
523.9619809904952 	 -0.858660816157597
524.2621310655328 	 -0.8594989901444805
524.5622811405703 	 -0.8603379113358844
524.8624312156078 	 -0.8611775789346687
525.1625812906453 	 -0.8620179921459137
525.4627313656829 	 -0.8628591501735894
525.7628814407204 	 -0.8637010522338784
526.0630315157579 	 -0.8645436975407428
526.3631815907954 	 -0.8653870853192469
526.663331665833 	 -0.8662312147811324
526.9634817408705 	 -0.8670760851658965
527.263631815908 	 -0.8679216956997138
527.5637818909455 	 -0.8687680456143099
527.863931965983 	 -0.8696151341502922
528.1640820410206 	 -0.8704629605538194
528.464232116058 	 -0.8713115240588376
528.7643821910955 	 -0.8721608239226075
529.064532266133 	 -0.8730108593968389
529.3646823411706 	 -0.8738616297343516
529.664832416208 	 -0.8747131341979575
529.9649824912456 	 -0.8755653720460277
530.2651325662831 	 -0.8764183425502559
530.5652826413207 	 -0.8772720449778948
530.8654327163581 	 -0.8781264785973075
531.1655827913957 	 -0.8789816426924002
531.4657328664332 	 -0.8798375365359767
531.7658829414707 	 -0.8806941594197149
532.0660330165082 	 -0.8815515106253002
532.3661830915457 	 -0.88240958944108
532.6663331665833 	 -0.8832683951631726
532.9664832416208 	 -0.8841279270854763
533.2666333166583 	 -0.8849881845085505
533.5667833916958 	 -0.8858491667396162
533.8669334667334 	 -0.8867108730781226
534.1670835417709 	 -0.8875733028357313
534.4672336168084 	 -0.8884364553274349
534.7673836918459 	 -0.889300329870446
535.0675337668835 	 -0.8901649257775368
535.367683841921 	 -0.8910302423714711
535.6678339169584 	 -0.8918962789827845
535.967983991996 	 -0.892763034935351
536.2681340670335 	 -0.8936305095597064
536.5682841420711 	 -0.8944987021952677
536.8684342171085 	 -0.8953676121736809
537.1685842921461 	 -0.8962372388399142
537.4687343671836 	 -0.8971075815333851
537.7688844422212 	 -0.8979786396057232
538.0690345172586 	 -0.8988504124007868
538.3691845922962 	 -0.8997228992746464
538.6693346673337 	 -0.9005960995822626
538.9694847423713 	 -0.901470012679706
539.2696348174087 	 -0.9023446379297084
539.5697848924463 	 -0.9032199746927816
539.8699349674838 	 -0.9040960223438699
540.1700850425214 	 -0.9049727802468155
540.4702351175588 	 -0.905850247772122
540.7703851925963 	 -0.9067284243013951
541.0705352676338 	 -0.9076073092106896
541.3706853426713 	 -0.9084869018782804
541.6708354177088 	 -0.9093672016902143
541.9709854927463 	 -0.9102482080369789
542.2711355677839 	 -0.9111299202990697
542.5712856428214 	 -0.9120123378747458
542.8714357178588 	 -0.9128954601578254
543.1715857928964 	 -0.9137792865476779
543.471735867934 	 -0.9146638164381216
543.7718859429715 	 -0.9155490492385177
544.0720360180089 	 -0.9164349843526765
544.3721860930465 	 -0.9173216211877389
544.672336168084 	 -0.9182089591552867
544.9724862431216 	 -0.9190969976669017
545.272636318159 	 -0.9199857361441577
545.5727863931966 	 -0.9208751739975263
545.8729364682341 	 -0.9217653106552426
546.1730865432717 	 -0.92265614553666
546.4732366183091 	 -0.923547678072234
546.7733866933467 	 -0.9244399076846488
547.0735367683842 	 -0.9253328338121314
547.3736868434218 	 -0.926226455882917
547.6738369184592 	 -0.9271207733374531
547.9739869934967 	 -0.9280157856128568
548.2741370685343 	 -0.9289114921506858
548.5742871435718 	 -0.9298078923936082
548.8744372186093 	 -0.9307049857876226
549.1745872936468 	 -0.9316027717853892
549.4747373686844 	 -0.9325012498340168
549.7748874437219 	 -0.933400419388386
550.0750375187594 	 -0.934300279902267
550.3751875937969 	 -0.9352008308372017
550.6753376688345 	 -0.9361020716514012
550.975487743872 	 -0.9370040018052972
551.2756378189094 	 -0.9379066207715336
551.575787893947 	 -0.938809928009432
551.8759379689845 	 -0.9397139229927465
552.1760880440221 	 -0.9406186051974519
552.4762381190595 	 -0.9415239740906411
552.7763881940971 	 -0.9424300291549503
553.0765382691345 	 -0.9433367698641337
553.3766883441721 	 -0.9442441957041581
553.6768384192095 	 -0.9451523061532185
553.976988494247 	 -0.946061100702833
554.2771385692846 	 -0.9469705788367477
554.5772886443222 	 -0.9478807400475908
554.8774387193596 	 -0.9487915838268801
555.1775887943971 	 -0.9497031096672437
555.4777388694347 	 -0.9506153170668608
555.7778889444722 	 -0.9515282055261309
556.0780390195097 	 -0.9524417745432334
556.3781890945472 	 -0.9533560236218985
556.6783391695848 	 -0.9542709522669668
556.9784892446223 	 -0.9551865599877196
557.2786393196598 	 -0.9561028462901078
557.5787893946973 	 -0.957019810690074
557.8789394697349 	 -0.9579374526968998
558.1790895447724 	 -0.958855771827638
558.4792396198098 	 -0.9597747676026724
558.7793896948474 	 -0.9606944395379458
559.079539769885 	 -0.9616147871560621
559.3796898449225 	 -0.9625358099807357
559.6798399199599 	 -0.9634575075390117
559.9799899949975 	 -0.9643798793590452
560.280140070035 	 -0.9653029249678813
560.5802901450726 	 -0.966226643898116
560.88044022011 	 -0.9671510356834556
561.1805902951476 	 -0.9680760998631577
561.4807403701851 	 -0.969001835968708
561.7808904452227 	 -0.9699282435460255
562.0810405202601 	 -0.970855322132147
562.3811905952977 	 -0.9717830712718811
562.6813406703352 	 -0.9727114905100365
562.9814907453728 	 -0.9736405793925318
563.2816408204102 	 -0.9745703374719472
563.5817908954477 	 -0.9755007642942015
563.8819409704853 	 -0.9764318594196464
564.1820910455228 	 -0.977363622396421
564.4822411205603 	 -0.9782960527859874
564.7823911955978 	 -0.9792291501387052
565.0825412706353 	 -0.9801629140238077
565.3826913456728 	 -0.9810973439994264
565.6828414207104 	 -0.9820324396281332
565.9829914957478 	 -0.9829682004780516
566.2831415707853 	 -0.9839046261150841
566.5832916458229 	 -0.984841716111795
566.8834417208604 	 -0.985779470032977
567.1835917958979 	 -0.9867178874578553
567.4837418709354 	 -0.9876569679556635
567.783891945973 	 -0.9885967111045169
568.0840420210105 	 -0.9895371164858613
568.384192096048 	 -0.9904781836755916
568.6843421710855 	 -0.9914199122562639
568.9844922461231 	 -0.9923623018093242
569.2846423211606 	 -0.9933053519251
569.584792396198 	 -0.9942490621839273
569.8849424712356 	 -0.995193432178354
570.1850925462732 	 -0.996138461494267
570.4852426213107 	 -0.9970841497275451
570.7853926963481 	 -0.998030496468516
571.0855427713857 	 -0.9989775013141688
571.3856928464232 	 -0.9999251638603823
571.6858429214608 	 -1.0008734837041455
571.9859929964982 	 -1.001822460450219
572.2861430715358 	 -1.0027720936922613
572.5862931465733 	 -1.0037223830372533
572.8864432216109 	 -1.0046733280943965
573.1865932966483 	 -1.0056249284629004
573.4867433716859 	 -1.006577183754187
573.7868934467234 	 -1.0075300935774578
574.087043521761 	 -1.0084836575441347
574.3871935967984 	 -1.0094378752645294
574.687343671836 	 -1.0103927463533946
574.9874937468735 	 -1.0113482704299237
575.287643821911 	 -1.0123044471088694
575.5877938969485 	 -1.0132612760105353
575.887943971986 	 -1.014218756749674
576.1880940470236 	 -1.0151768889554713
576.4882441220611 	 -1.0161356722471204
576.7883941970986 	 -1.017095106249366
577.088544272136 	 -1.0180551905936142
577.3886943471736 	 -1.019015924902389
577.6888444222111 	 -1.0199773088048758
577.9889944972485 	 -1.0209393419347013
578.2891445722861 	 -1.0219020239232712
578.5892946473236 	 -1.0228653544042121
578.8894447223612 	 -1.0238293330111503
579.1895947973986 	 -1.024793959381043
579.4897448724362 	 -1.0257592331575083
579.7898949474737 	 -1.0267251539730626
580.0900450225113 	 -1.0276917214724346
580.3901950975487 	 -1.0286589352970221
580.6903451725863 	 -1.0296267950882232
580.9904952476238 	 -1.030595300494097
581.2906453226614 	 -1.0315644511627031
581.5907953976988 	 -1.03253424673877
581.8909454727363 	 -1.0335046868703568
582.1910955477739 	 -1.0344757712132946
582.4912456228114 	 -1.035447499417863
582.7913956978489 	 -1.036419871134342
583.0915457728864 	 -1.0373928860207826
583.391695847924 	 -1.0383665437319056
583.6918459229615 	 -1.0393408439257623
583.991995997999 	 -1.0403157862626244
584.2921460730365 	 -1.0412913704005433
584.5922961480741 	 -1.0422675959997907
584.8924462231116 	 -1.0432444627272996
585.192596298149 	 -1.0442219702466726
585.4927463731866 	 -1.0452001182192916
585.7928964482242 	 -1.0461789063131999
586.0930465232617 	 -1.0471583341997714
586.3931965982991 	 -1.0481384015459394
586.6933466733367 	 -1.0491191080230777
586.9934967483742 	 -1.0501004533025604
587.2936468234118 	 -1.051082437053541
587.5937968984492 	 -1.0520650589584957
587.8939469734868 	 -1.053048318691019
588.1940970485243 	 -1.0540322159224846
588.4942471235619 	 -1.055016750334259
588.7943971985993 	 -1.056001921608818
589.0945472736367 	 -1.0569877294230867
589.3946973486743 	 -1.0579741734584314
589.6948474237118 	 -1.0589612534006587
589.9949974987493 	 -1.0599489689355757
590.2951475737868 	 -1.0609373197412175
590.5952976488244 	 -1.0619263055133832
590.8954477238619 	 -1.0629159259323284
591.1955977988994 	 -1.063906180692742
591.4957478739369 	 -1.0648970694837612
591.7958979489745 	 -1.0658885919934136
592.096048024012 	 -1.0668807479186082
592.3961980990495 	 -1.0678735369495929
592.696348174087 	 -1.068866958785497
592.9964982491246 	 -1.0698610131187891
593.2966483241621 	 -1.0708556996485985
593.5967983991995 	 -1.0718510180718344
593.8969484742371 	 -1.0728469680898467
594.1970985492746 	 -1.0738435494039855
594.4972486243122 	 -1.0748407617144906
594.7973986993496 	 -1.075838604722712
595.0975487743872 	 -1.0768370781344405
595.3976988494247 	 -1.0778361816576876
595.6978489244623 	 -1.0788359149949134
595.9979989994997 	 -1.0798362778552395
596.2981490745373 	 -1.0808372699488977
596.5982991495748 	 -1.0818388909805687
596.8984492246124 	 -1.0828411406649252
597.1985992996498 	 -1.0838440187133092
597.4987493746873 	 -1.0848475248403933
597.7988994497249 	 -1.0858516587541889
598.0990495247624 	 -1.0868564201782505
598.3991995997999 	 -1.0878618088205894
598.6993496748374 	 -1.0888678244025396
598.999499749875 	 -1.0898744666409943
599.2996498249125 	 -1.0908817352572875
599.59979989995 	 -1.091889629971643
599.8999499749875 	 -1.0928981504987334
600.2001000500251 	 -1.093907296570995
600.5002501250626 	 -1.0949170679064313
600.8004002001001 	 -1.095927464230817
601.1005502751375 	 -1.0969384852677067
601.400700350175 	 -1.0979501307462058
601.7008504252126 	 -1.0989624003920895
602.00100050025 	 -1.0999752939344631
602.3011505752876 	 -1.1009888111035426
602.6013006503251 	 -1.1020029516295438
602.9014507253627 	 -1.1030177152437926
603.2016008004001 	 -1.1040331016787253
603.5017508754377 	 -1.1050491106678884
603.8019009504752 	 -1.106065741943718
604.1020510255128 	 -1.1070829952475325
604.4022011005502 	 -1.1081008703106576
604.7023511755878 	 -1.1091193668688604
605.0025012506253 	 -1.1101384846656792
605.3026513256629 	 -1.1111582234391015
605.6028014007003 	 -1.1121785829271147
605.9029514757378 	 -1.1131995628754776
606.2031015507754 	 -1.1142211630199572
606.5032516258129 	 -1.115243383109643
606.8034017008504 	 -1.1162662228825226
607.1035517758879 	 -1.1172896820921263
607.4037018509255 	 -1.1183137604753313
607.703851925963 	 -1.1193384577845578
608.0040020010005 	 -1.1203637737633443
608.304152076038 	 -1.121389708168552
608.6043021510756 	 -1.1224162607392785
608.9044522261131 	 -1.1234434312346053
609.2046023011505 	 -1.1244712194014017
609.5047523761881 	 -1.1254996249931981
609.8049024512256 	 -1.1265286477601943
610.1050525262632 	 -1.127558287461472
610.4052026013006 	 -1.1285885438516718
610.7053526763382 	 -1.1296194166821039
611.0055027513757 	 -1.13065090571296
611.3056528264133 	 -1.1316830107033216
611.6058029014507 	 -1.1327157314078296
611.9059529764883 	 -1.1337490675888962
612.2061030515258 	 -1.1347830190044927
612.5062531265634 	 -1.1358175854159214
612.8064032016008 	 -1.136852766588925
613.1065532766384 	 -1.1378885622803647
613.4067033516758 	 -1.138924972258204
613.7068534267133 	 -1.1399619962859653
614.0070035017508 	 -1.1409996341282813
614.3071535767883 	 -1.1420378855520052
614.6073036518259 	 -1.1430767503239903
614.9074537268634 	 -1.1441162282144202
615.2076038019009 	 -1.1451563189868175
615.5077538769384 	 -1.1461970224146967
615.807903951976 	 -1.1472383382660212
616.1080540270135 	 -1.1482802663143055
616.408204102051 	 -1.1493228063308436
616.7083541770885 	 -1.1503659580880399
617.008504252126 	 -1.1514097213594088
617.3086543271636 	 -1.152454095919575
617.608804402201 	 -1.153499081540943
617.9089544772386 	 -1.1545446780047985
618.2091045522761 	 -1.155590885082436
618.5092546273137 	 -1.1566377025573615
618.8094047023511 	 -1.1576851302042002
619.1095547773887 	 -1.1587331678031276
619.4097048524262 	 -1.1597818151298789
619.7098549274638 	 -1.1608310719701809
620.0100050025012 	 -1.1618809381075401
620.3101550775388 	 -1.1629314133188018
620.6103051525763 	 -1.163982497385252
620.9104552276139 	 -1.1650341900992789
621.2106053026513 	 -1.1660864912377278
621.5107553776888 	 -1.167139400588546
621.8109054527264 	 -1.1681929179407913
622.1110555277639 	 -1.1692470430735291
622.4112056028014 	 -1.1703017757813683
622.7113556778389 	 -1.171357115851146
623.0115057528765 	 -1.1724130630685892
623.311655827914 	 -1.1734696172271963
623.6118059029515 	 -1.174526778114915
623.911955977989 	 -1.1755845455241332
624.2121060530266 	 -1.1766429192461292
624.5122561280641 	 -1.1777018990755117
624.8124062031015 	 -1.1787614848013384
625.1125562781391 	 -1.179821676223769
625.4127063531765 	 -1.1808824731318612
625.7128564282141 	 -1.181943875321334
626.0130065032516 	 -1.183005882595678
626.3131565782891 	 -1.1840684947439506
626.6133066533266 	 -1.1851317115663118
626.9134567283642 	 -1.1861955328618112
627.2136068034017 	 -1.1872599584306087
627.5137568784392 	 -1.188324988067313
627.8139069534767 	 -1.1893906215787453
628.1140570285143 	 -1.1904568587606246
628.4142071035518 	 -1.1915236994186618
628.7143571785892 	 -1.1925911433530167
629.0145072536268 	 -1.1936591903660698
629.3146573286643 	 -1.1947278402657524
629.6148074037019 	 -1.1957970928544448
629.9149574787393 	 -1.196866947933417
630.2151075537769 	 -1.1979374053128211
630.5152576288144 	 -1.1990084647983679
630.815407703852 	 -1.2000801261957683
631.1155577788894 	 -1.2011523893162845
631.415707853927 	 -1.202225253963407
631.7158579289645 	 -1.2032987199506184
632.0160080040021 	 -1.2043727870836296
632.3161580790395 	 -1.2054474551770333
632.616308154077 	 -1.2065227240398713
632.9164582291146 	 -1.2075985934867361
633.2166083041521 	 -1.2086750633222287
633.5167583791896 	 -1.2097521333653827
633.8169084542271 	 -1.2108298034307907
634.1170585292647 	 -1.2119080733274945
634.4172086043022 	 -1.2129869428767481
634.7173586793397 	 -1.2140664118853728
635.0175087543772 	 -1.2151464801790635
635.3176588294148 	 -1.2162271475701925
635.6178089044523 	 -1.217308413875573
635.9179589794898 	 -1.2183902789131285
636.2181090545273 	 -1.2194727425030027
636.5182591295649 	 -1.2205558044631193
636.8184092046024 	 -1.221639464613622
637.1185592796398 	 -1.2227237227735444
637.4187093546773 	 -1.2238085787674713
637.7188594297148 	 -1.2248940324099955
638.0190095047524 	 -1.2259800835345835
638.3191595797898 	 -1.227066731954718
638.6193096548274 	 -1.2281539774949835
638.9194597298649 	 -1.2292418199832955
639.2196098049025 	 -1.230330259239798
639.5197598799399 	 -1.2314192950946268
639.8199099549774 	 -1.2325089273679257
640.120060030015 	 -1.2335991558920512
640.4202101050525 	 -1.2346899804882572
640.72036018009 	 -1.2357814009855694
641.0205102551275 	 -1.2368734172130136
641.3206603301651 	 -1.2379660290018357
641.6208104052026 	 -1.2390592361755104
641.9209604802401 	 -1.2401530385686144
642.2211105552776 	 -1.2412474360112835
642.5212606303152 	 -1.2423424283281026
642.8214107053527 	 -1.243438015356979
643.1215607803902 	 -1.2445341969302692
643.4217108554277 	 -1.2456309728758885
643.7218609304653 	 -1.2467283430317444
644.0220110055028 	 -1.247826307224642
644.3221610805402 	 -1.2489248652969298
644.6223111555778 	 -1.2500240170798538
644.9224612306153 	 -1.2511237624079907
645.2226113056529 	 -1.252224101119248
645.5227613806903 	 -1.2533250330437617
645.8229114557279 	 -1.2544265580294311
646.1230615307654 	 -1.2555286759063922
646.423211605803 	 -1.2566313865092216
646.7233616808404 	 -1.2577346896858188
647.023511755878 	 -1.2588385852685402
647.3236618309155 	 -1.2599430730986239
647.6238119059531 	 -1.2610481530161977
647.9239619809905 	 -1.2621538248624997
648.224112056028 	 -1.2632600884809886
648.5242621310656 	 -1.2643669437084615
648.8244122061031 	 -1.265474390388377
649.1245622811406 	 -1.266582428366414
649.424712356178 	 -1.2676910574827005
649.7248624312156 	 -1.2688002775795848
650.0250125062531 	 -1.2699100885094072
650.3251625812906 	 -1.2710204901078548
650.6253126563281 	 -1.272131482222827
650.9254627313657 	 -1.273243064702223
651.2256128064032 	 -1.2743552373883915
651.5257628814406 	 -1.275468000134783
651.8259129564782 	 -1.276581352781525
652.1260630315157 	 -1.277695295178738
652.4262131065533 	 -1.2788098271754311
652.7263631815907 	 -1.2799249486195041
653.0265132566283 	 -1.281040659362187
653.3266633316658 	 -1.2821569592513793
653.6268134067034 	 -1.2832738481372008
653.9269634817408 	 -1.2843913258708817
654.2271135567784 	 -1.2855093923014316
654.5272636318159 	 -1.2866280472856317
654.8274137068535 	 -1.2877472906691612
655.1275637818909 	 -1.2888671223110215
655.4277138569284 	 -1.289987542058002
655.727863931966 	 -1.291108549766884
656.0280140070035 	 -1.2922301452933382
656.328164082041 	 -1.293352328488595
656.6283141570785 	 -1.2944750992083254
656.9284642321161 	 -1.2955984573082002
657.2286143071536 	 -1.2967224026438906
657.5287643821911 	 -1.2978469350743982
657.8289144572286 	 -1.2989720544520633
658.1290645322662 	 -1.3000977606358877
658.4292146073037 	 -1.3012240534859831
658.7293646823412 	 -1.3023509328535798
659.0295147573787 	 -1.303478398605451
659.3296648324163 	 -1.304606450599488
659.6298149074538 	 -1.3057350886880315
659.9299649824912 	 -1.3068643127378543
660.2301150575288 	 -1.3079941226079583
660.5302651325663 	 -1.3091245181573452
660.8304152076039 	 -1.3102554992494575
661.1305652826413 	 -1.3113870657432969
661.4307153576788 	 -1.312519217502306
661.7308654327163 	 -1.3136519543899272
662.0310155077539 	 -1.3147852762696033
662.3311655827913 	 -1.315919183001446
662.6313156578288 	 -1.317053674453339
662.9314657328664 	 -1.318188750485394
663.231615807904 	 -1.319324410967715
663.5317658829414 	 -1.3204606557604137
663.8319159579789 	 -1.321597484732484
664.1320660330165 	 -1.3227348977462583
664.432216108054 	 -1.3238728946718403
664.7323661830915 	 -1.325011475373783
665.032516258129 	 -1.32615063972219
665.3326663331666 	 -1.3272903875805042
665.6328164082041 	 -1.328430718816609
665.9329664832416 	 -1.329571633305049
666.2331165582791 	 -1.3307131309092668
666.5332666333167 	 -1.3318552115026971
666.8334167083542 	 -1.3329978749476723
667.1335667833916 	 -1.3341411211220677
667.4337168584292 	 -1.335284949893767
667.7338669334667 	 -1.336429361133984
668.0340170085043 	 -1.3375743547117125
668.3341670835417 	 -1.338719930504828
668.6343171585793 	 -1.339866088375663
668.9344672336168 	 -1.3410128282043132
669.2346173086544 	 -1.3421601498619928
669.5347673836918 	 -1.3433080532221364
669.8349174587294 	 -1.3444565381559581
670.1350675337669 	 -1.3456056045402232
670.4352176088045 	 -1.3467552522505866
670.7353676838419 	 -1.3479054811571523
671.0355177588795 	 -1.3490562911400161
671.335667833917 	 -1.3502076820715025
671.6358179089546 	 -1.3513596538283768
671.935967983992 	 -1.3525122062896244
672.2361180590295 	 -1.3536653393297904
672.5362681340671 	 -1.3548190528256399
672.8364182091046 	 -1.3559733466572688
673.1365682841421 	 -1.3571282206981117
673.4367183591796 	 -1.358283674830485
673.7368684342171 	 -1.3594397089300436
674.0370185092546 	 -1.3605963228802143
674.337168584292 	 -1.3617535165544314
674.6373186593296 	 -1.3629112898383422
674.9374687343671 	 -1.3640696426087118
675.2376188094047 	 -1.365228574745636
675.5377688844421 	 -1.366388086133652
675.8379189594797 	 -1.3675481766506348
676.1380690345172 	 -1.3687088461777908
676.4382191095548 	 -1.3698700945985465
676.7383691845922 	 -1.3710319217963285
677.0385192596298 	 -1.3721943276512327
677.3386693346673 	 -1.3733573120500164
677.6388194097049 	 -1.3745208748694449
677.9389694847423 	 -1.3756850160018264
678.2391195597799 	 -1.3768497353250364
678.5392696348174 	 -1.378015032724722
678.839419709855 	 -1.3791809080876405
679.1395697848924 	 -1.3803473612983286
679.4397198599299 	 -1.3815143922391027
679.7398699349675 	 -1.382682000802271
680.040020010005 	 -1.3838501868679298
680.3401700850425 	 -1.3850189503239463
680.64032016008 	 -1.3861882910615186
680.9404702351176 	 -1.3873582089607428
681.2406203101551 	 -1.3885287039150374
681.5407703851926 	 -1.3896997758111596
681.8409204602301 	 -1.3908714245347564
682.1410705352677 	 -1.3920436499770261
682.4412206103052 	 -1.393216452025836
682.7413706853426 	 -1.394389830570164
683.0415207603802 	 -1.395563785500098
683.3416708354177 	 -1.3967383167035052
683.6418209104553 	 -1.397913424076025
683.9419709854927 	 -1.3990891075044143
684.2421210605303 	 -1.400265366877651
684.5422711355678 	 -1.4014422020924844
684.8424212106054 	 -1.4026196130334512
685.1425712856428 	 -1.403797599599521
685.4427213606804 	 -1.4049761616785617
685.7428714357178 	 -1.4061552991639914
686.0430215107554 	 -1.407335011949229
686.3431715857929 	 -1.4085152999243622
686.6433216608303 	 -1.4096961629883609
686.9434717358679 	 -1.4108776010313129
687.2436218109054 	 -1.4120596139488573
687.543771885943 	 -1.4132422016355228
687.8439219609804 	 -1.414425363983618
688.144072036018 	 -1.415609100889892
688.4442221110555 	 -1.416793412251094
688.7443721860931 	 -1.4179782979617528
689.0445222611305 	 -1.4191637579152871
689.3446723361681 	 -1.4203497920106667
689.6448224112056 	 -1.421536400145751
689.9449724862432 	 -1.4227235822161788
690.2451225612806 	 -1.4239113381186996
690.5452726363181 	 -1.4250996677500627
690.8454227113557 	 -1.4262885710092377
691.1455727863932 	 -1.4274780477951943
691.4457228614307 	 -1.4286680980035715
691.7458729364682 	 -1.4298587215355596
692.0460230115058 	 -1.4310499182912384
692.3461730865433 	 -1.432241688166247
692.6463231615808 	 -1.4334340310617755
692.9464732366183 	 -1.434626946879014
693.2466233116559 	 -1.435820435514712
693.5467733866934 	 -1.4370144968745002
693.8469234617309 	 -1.4382091308562384
694.1470735367684 	 -1.4394043373622267
694.447223611806 	 -1.4406001162892146
694.7473736868435 	 -1.4417964675450534
695.0475237618809 	 -1.4429933910276027
695.3476738369185 	 -1.4441908866436037
695.647823911956 	 -1.4453889542898057
695.9479739869936 	 -1.4465875938718398
696.248124062031 	 -1.4477868052931164
696.5482741370686 	 -1.4489865884570463
696.8484242121061 	 -1.4501869432681502
697.1485742871437 	 -1.4513878696276183
697.4487243621811 	 -1.4525893674410817
697.7488744372185 	 -1.4537914366141713
698.0490245122561 	 -1.4549940770480774
698.3491745872936 	 -1.4561972886517616
698.6493246623311 	 -1.4574010713297447
698.9494747373686 	 -1.4586054249865477
699.2496248124062 	 -1.4598103495278014
699.5497748874437 	 -1.4610158448602473
699.8499249624812 	 -1.4622219108895163
700.1500750375187 	 -1.4634285475223496
700.4502251125563 	 -1.4646357546688193
700.7503751875938 	 -1.4658435322345564
701.0505252626313 	 -1.467051880125192
701.3506753376688 	 -1.468260798246357
701.6508254127064 	 -1.4694702865125642
701.9509754877439 	 -1.4706803448272243
702.2511255627813 	 -1.4718909731015195
702.5512756378189 	 -1.4731021712433012
702.8514257128564 	 -1.4743139391582005
703.151575787894 	 -1.475526276764061
703.4517258629314 	 -1.476739183959852
703.751875937969 	 -1.4779526606645277
704.0520260130065 	 -1.4791667067826086
704.3521760880441 	 -1.4803813222263873
704.6523261630815 	 -1.4815965069048254
704.9524762381191 	 -1.4828122607313254
705.2526263131566 	 -1.4840285836192901
705.5527763881942 	 -1.4852454754743505
705.8529264632316 	 -1.4864629362110193
706.1530765382691 	 -1.4876809657393686
706.4532266133067 	 -1.4888995639761315
706.7533766883442 	 -1.4901187308291597
707.0535267633817 	 -1.4913384662118556
707.3536768384192 	 -1.4925587700365117
707.6538269134568 	 -1.493779642218751
707.9539769884943 	 -1.495001082670866
708.2541270635318 	 -1.4962230913051489
708.5542771385693 	 -1.497445668038333
708.8544272136069 	 -1.4986688127816006
709.1545772886444 	 -1.4998925254539053
709.4547273636819 	 -1.5011168059630986
709.7548774387193 	 -1.5023416542292445
710.0550275137568 	 -1.5035670701646353
710.3551775887944 	 -1.5047930536860044
710.6553276638318 	 -1.5060196047067542
710.9554777388694 	 -1.5072467231458386
711.2556278139069 	 -1.5084744089199909
711.5557778889445 	 -1.5097026619415033
711.8559279639819 	 -1.5109314821271091
712.1560780390195 	 -1.5121608693979827
712.456228114057 	 -1.5133908236675264
712.7563781890946 	 -1.5146213448524737
713.056528264132 	 -1.5158524328739986
713.3566783391695 	 -1.5170840876455038
713.6568284142071 	 -1.5183163090881635
713.9569784892446 	 -1.519549097118711
714.2571285642821 	 -1.520782451652769
714.5572786393196 	 -1.5220163726170632
714.8574287143572 	 -1.5232508599227756
715.1575787893947 	 -1.52448591348886
715.4577288644322 	 -1.5257215332387108
715.7578789394697 	 -1.5269577190923922
716.0580290145073 	 -1.5281944709644169
716.3581790895448 	 -1.5294317887792896
716.6583291645823 	 -1.5306696724559643
716.9584792396198 	 -1.5319081219133945
717.2586293146574 	 -1.5331471370727545
717.5587793896949 	 -1.5343867178574389
717.8589294647323 	 -1.5356268641875115
718.1590795397699 	 -1.536867575980816
718.4592296148074 	 -1.5381088531640774
718.759379689845 	 -1.5393506956540293
719.0595297648824 	 -1.5405931033762865
719.35967983992 	 -1.5418360762509131
719.6598299149575 	 -1.5430796142001935
719.9599799899951 	 -1.5443237171486324
720.2601300650325 	 -1.5455683850196245
720.5602801400701 	 -1.5468136177310132
720.8604302151076 	 -1.5480594152117444
721.1605802901452 	 -1.5493057773841024
721.4607303651826 	 -1.550552704168151
721.76088044022 	 -1.5518001954895055
722.0610305152576 	 -1.5530482512737809
722.3611805902951 	 -1.5542968714488126
722.6613306653326 	 -1.5555460559313339
722.9614807403701 	 -1.5567958046502905
723.2616308154077 	 -1.5580461175290772
723.5617808904452 	 -1.5592969944933088
723.8619309654827 	 -1.5605484354697108
724.1620810405202 	 -1.5618004403827879
724.4622311155578 	 -1.563053009157045
724.7623811905953 	 -1.5643061417192072
725.0625312656327 	 -1.5655598379982205
725.3626813406703 	 -1.566814097915259
725.6628314157078 	 -1.5680689213992682
725.9629814907454 	 -1.5693243083803043
726.2631315657828 	 -1.5705802587795414
726.5632816408204 	 -1.571836772529256
726.8634317158579 	 -1.5730938495517321
727.1635817908955 	 -1.5743514897781363
727.4637318659329 	 -1.5756096931351937
727.7638819409705 	 -1.57686845955185
728.064032016008 	 -1.5781277889559409
728.3641820910456 	 -1.5793876812730812
728.664332166083 	 -1.580648136433327
728.9644822411205 	 -1.5819091543689545
729.2646323161581 	 -1.5831707350044688
729.5647823911956 	 -1.5844328782699257
729.8649324662331 	 -1.585695584094271
730.1650825412706 	 -1.5869588524064504
730.4652326163082 	 -1.5882226831409607
730.7653826913457 	 -1.5894870762211966
731.0655327663832 	 -1.590752031582765
731.3656828414207 	 -1.5920175491535016
731.6658329164583 	 -1.5932836288612418
731.9659829914958 	 -1.5945502706393722
732.2661330665333 	 -1.5958174744201692
732.5662831415708 	 -1.5970852401303581
732.8664332166084 	 -1.598353567705546
733.1665832916459 	 -1.5996224570757889
733.4667333666833 	 -1.6008919081700324
733.7668834417208 	 -1.6021619209238835
734.0670335167583 	 -1.6034324952662882
734.3671835917959 	 -1.6047036311306329
734.6673336668333 	 -1.605975328449194
734.9674837418709 	 -1.6072475871531378
735.2676338169084 	 -1.6085204071780712
735.567783891946 	 -1.6097937884551605
735.8679339669834 	 -1.6110677309144616
736.168084042021 	 -1.612342234493802
736.4682341170585 	 -1.6136172991265685
736.768384192096 	 -1.6148929247428168
737.0685342671335 	 -1.6161691112792642
737.368684342171 	 -1.6174458586648566
737.6688344172086 	 -1.618723166840752
737.9689844922461 	 -1.6200010357370065
738.2691345672836 	 -1.6212794652870066
738.5692846423211 	 -1.6225584554308004
738.8694347173587 	 -1.6238380060973334
739.1695847923962 	 -1.6251181172244333
739.4697348674337 	 -1.6263987887454867
739.7698849424712 	 -1.627680020598321
740.0700350175088 	 -1.6289618127152128
740.3701850925463 	 -1.6302441650362098
740.6703351675837 	 -1.6315270774935886
740.9704852426213 	 -1.632810550021846
741.2706353176588 	 -1.6340945825599196
741.5707853926964 	 -1.6353791750467472
741.8709354677338 	 -1.6366643274146053
742.1710855427714 	 -1.6379500396002111
742.4712356178089 	 -1.6392363115425024
742.7713856928465 	 -1.6405231431793066
743.0715357678839 	 -1.6418105344429001
743.3716858429215 	 -1.6430984852766617
743.671835917959 	 -1.6443869956139778
743.9719859929966 	 -1.645676065392676
744.272136068034 	 -1.6469656945539146
744.5722861430716 	 -1.6482558830321903
744.8724362181091 	 -1.6495466307664408
745.1725862931467 	 -1.6508379376944937
745.4727363681841 	 -1.652129803756397
745.7728864432216 	 -1.6534222288910883
746.0730365182591 	 -1.6547152130375054
746.3731865932966 	 -1.656008756134586
746.6733366683342 	 -1.657302858116827
746.9734867433716 	 -1.658597518927607
747.2736368184092 	 -1.6598927385058637
747.5737868934467 	 -1.6611885167927554
747.8739369684843 	 -1.6624848537249992
748.1740870435217 	 -1.6637817492437534
748.4742371185592 	 -1.6650792032923967
748.7743871935968 	 -1.6663772158054257
749.0745372686343 	 -1.6676757867273295
749.3746873436718 	 -1.6689749159970457
749.6748374187093 	 -1.670274603553512
749.9749874937469 	 -1.6715748493412175
750.2751375687844 	 -1.6728756532990996
750.5752876438219 	 -1.6741770153672064
750.8754377188594 	 -1.675478935491137
751.175587793897 	 -1.676781413608719
751.4757378689345 	 -1.6780844496588898
751.775887943972 	 -1.6793880435916897
752.0760380190095 	 -1.6806921953438358
752.376188094047 	 -1.6819969048575967
752.6763381690846 	 -1.6833021720741304
752.976488244122 	 -1.6846079969379257
753.2766383191596 	 -1.6859143793890308
753.5767883941971 	 -1.6872213193730445
753.8769384692347 	 -1.6885288168322354
754.1770885442721 	 -1.6898368717077616
754.4772386193097 	 -1.6911454839474427
754.7773886943472 	 -1.6924546534846652
755.0775387693848 	 -1.6937643802727997
755.3776888444222 	 -1.6950746642507841
755.6778389194598 	 -1.6963855053653276
755.9779889944973 	 -1.6976969035575884
756.2781390695349 	 -1.6990088587720553
756.5782891445723 	 -1.7003213709498866
756.8784392196098 	 -1.7016344400433425
757.1785892946474 	 -1.7029480659891405
757.478739369685 	 -1.7042622487351
757.7788894447224 	 -1.70557698822571
758.0790395197598 	 -1.7068922844043488
758.3791895947974 	 -1.708208137222167
758.6793396698349 	 -1.7095245466147713
758.9794897448724 	 -1.7108415125299814
759.2796398199099 	 -1.7121590349200577
759.5797898949475 	 -1.713477113723938
759.879939969985 	 -1.7147957488894416
760.1800900450224 	 -1.7161149403621678
760.48024012006 	 -1.7174346880877156
760.7803901950975 	 -1.7187549920139045
761.0805402701351 	 -1.7200758520852233
761.3806903451725 	 -1.7213972682472711
761.6808404202101 	 -1.7227192404489777
761.9809904952476 	 -1.7240417686337217
762.2811405702852 	 -1.725364852751543
762.5812906453226 	 -1.726688492749151
762.8814407203602 	 -1.7280126885710345
763.1815907953977 	 -1.7293374401683437
763.4817408704353 	 -1.7306627474822367
763.7818909454727 	 -1.7319886104671944
764.0820410205102 	 -1.7333150290677057
764.3821910955478 	 -1.7346420032293697
764.6823411705853 	 -1.7359695329022262
764.9824912456228 	 -1.737297618035205
765.2826413206603 	 -1.7386262585761258
765.5827913956979 	 -1.7399554544705875
765.8829414707354 	 -1.7412852056719608
766.1830915457729 	 -1.7426155121214038
766.4832416208104 	 -1.7439463737722871
766.783391695848 	 -1.745277790575761
767.0835417708855 	 -1.7466097624785348
767.383691845923 	 -1.7479422894262076
767.6838419209605 	 -1.7492753713710396
767.983991995998 	 -1.7506090082641812
768.2841420710356 	 -1.751943200049011
768.584292146073 	 -1.7532779466822301
768.8844422211106 	 -1.7546132481094379
769.1845922961481 	 -1.7559491042817843
769.4847423711857 	 -1.7572855151493094
769.7848924462231 	 -1.758622480660943
770.0850425212606 	 -1.7599600007667249
770.3851925962981 	 -1.7612980754166951
770.6853426713357 	 -1.7626367045631142
770.9854927463731 	 -1.7639758881571321
771.2856428214106 	 -1.7653156261443481
771.5857928964482 	 -1.7666559184814634
771.8859429714857 	 -1.767996765118518
772.1860930465232 	 -1.7693381660033314
772.4862431215607 	 -1.7706801210903844
772.7863931965983 	 -1.7720226303274966
773.0865432716358 	 -1.7733656936691489
773.3866933466733 	 -1.7747093110664913
773.6868434217108 	 -1.7760534824684537
773.9869934967484 	 -1.7773982078306272
774.2871435717859 	 -1.7787434871019414
774.5872936468234 	 -1.7800893202368773
774.8874437218609 	 -1.7814357071843645
775.1875937968985 	 -1.782782647898884
775.487743871936 	 -1.7841301423360267
775.7878939469734 	 -1.7854781904391714
776.088044022011 	 -1.7868267921705705
776.3881940970485 	 -1.7881759474769332
776.6883441720861 	 -1.7895256563149609
776.9884942471235 	 -1.7908759186335832
777.2886443221611 	 -1.7922267343895015
777.5887943971986 	 -1.793578103533866
777.8889444722362 	 -1.7949300260211576
778.1890945472736 	 -1.7962825018047468
778.4892446223112 	 -1.797635530836894
778.7893946973487 	 -1.7989891130698599
779.0895447723863 	 -1.8003432484614557
779.3896948474237 	 -1.8016979369661623
779.6898449224612 	 -1.8030531785306891
779.9899949974988 	 -1.8044089731172885
780.2901450725363 	 -1.8057653206760005
780.5902951475738 	 -1.8071222211613058
780.8904452226113 	 -1.8084796745276854
781.1905952976489 	 -1.8098376807329508
781.4907453726864 	 -1.8111962397293624
781.7908954477239 	 -1.8125553514691806
782.0910455227613 	 -1.8139150159102169
782.3911955977989 	 -1.8152752330080624
782.6913456728364 	 -1.8166360027149775
782.9914957478738 	 -1.8179973249887738
783.2916458229114 	 -1.8193591997828218
783.5917958979489 	 -1.8207216270549331
783.8919459729865 	 -1.8220846067595886
784.1920960480239 	 -1.8234481388523793
784.4922461230615 	 -1.8248122232900066
784.792396198099 	 -1.8261768600236206
785.0925462731366 	 -1.8275420490154737
785.392696348174 	 -1.8289077902189366
785.6928464232116 	 -1.8302740835896003
785.9929964982491 	 -1.8316409290863866
786.2931465732867 	 -1.8330083266637764
786.5932966483241 	 -1.8343762762773608
786.8934467233616 	 -1.835744777883841
787.1935967983992 	 -1.8371138314410285
787.4937468734367 	 -1.838483436907845
787.7938969484742 	 -1.8398535942387717
788.0940470235117 	 -1.8412243033905096
788.3941970985493 	 -1.8425955643186498
788.6943471735868 	 -1.843967376986555
788.9944972486243 	 -1.845339741343155
789.2946473236618 	 -1.8467126573540327
789.5947973986994 	 -1.8480861249725589
789.8949474737369 	 -1.8494601441554348
790.1950975487744 	 -1.8508347148638027
790.4952476238119 	 -1.8522098370543638
790.7953976988495 	 -1.853585510681599
791.095547773887 	 -1.854961735708871
791.3956978489244 	 -1.8563385120917708
791.695847923962 	 -1.8577158397903304
791.9959979989995 	 -1.8590937187568102
792.2961480740371 	 -1.860472148955683
792.5962981490745 	 -1.8618511303480911
792.8964482241121 	 -1.8632306628851847
793.1965982991496 	 -1.8646107465281059
793.4967483741872 	 -1.8659913812413276
793.7968984492246 	 -1.8673725669771102
794.097048524262 	 -1.8687543036943755
794.3971985992996 	 -1.8701365913575962
794.6973486743371 	 -1.871519429924584
794.9974987493746 	 -1.87290281935093
795.2976488244121 	 -1.8742867595988866
795.5977988994497 	 -1.8756712506284856
795.8979489744872 	 -1.8770562923975387
796.1980990495247 	 -1.8784418848694084
796.4982491245622 	 -1.8798280279985757
796.7983991995998 	 -1.8812147217484032
797.0985492746373 	 -1.882601966080033
797.3986993496748 	 -1.8839897609479461
797.6988494247123 	 -1.8853781063221664
797.9989994997499 	 -1.8867670021549543
798.2991495747874 	 -1.8881564484063418
798.5992996498248 	 -1.8895464450430222
798.8994497248624 	 -1.8909369920216967
799.1995997998999 	 -1.8923280893012873
799.4997498749375 	 -1.8937197368473768
799.7998999499749 	 -1.895111934617777
800.1000500250125 	 -1.8965046825725196
800.40020010005 	 -1.8978979806749674
800.7003501750876 	 -1.8992918288873728
801.000500250125 	 -1.900686227166437
801.3006503251626 	 -1.9020811754766331
801.6008004002001 	 -1.9034766737813236
801.9009504752377 	 -1.9048727220372097
802.2011005502751 	 -1.906269320212095
802.5012506253127 	 -1.9076664682615707
802.8014007003502 	 -1.9090641661489993
803.1015507753878 	 -1.9104624138377435
803.4017008504252 	 -1.911861211291166
803.7018509254627 	 -1.9132605584704088
804.0020010005003 	 -1.9146604553332836
804.3021510755378 	 -1.9160609018475938
804.6023011505753 	 -1.9174618979744817
804.9024512256128 	 -1.9188634436717589
805.2026013006504 	 -1.9202655389105594
805.5027513756879 	 -1.9216681836453642
805.8029014507254 	 -1.9230713778439767
806.1030515257629 	 -1.9244751214686495
806.4032016008003 	 -1.9258794144805247
806.7033516758379 	 -1.9272842568407444
807.0035017508754 	 -1.9286896485148919
807.3036518259129 	 -1.9300955894707705
807.6038019009504 	 -1.9315020796628612
807.903951975988 	 -1.9329091190578573
808.2041020510255 	 -1.934316707621342
808.504252126063 	 -1.9357248453155673
808.8044022011005 	 -1.9371335321038963
809.1045522761381 	 -1.9385427679508016
809.4047023511756 	 -1.9399525528163153
809.704852426213 	 -1.9413628866671306
810.0050025012506 	 -1.942773769469941
810.3051525762882 	 -1.9441852011847782
810.6053026513257 	 -1.9455971817772255
810.9054527263631 	 -1.9470097112106455
811.2056028014007 	 -1.948422789449511
811.5057528764382 	 -1.9498364164571846
811.8059029514758 	 -1.9512505922025802
812.1060530265132 	 -1.9526653166446195
812.4062031015508 	 -1.9540805897522162
812.7063531765883 	 -1.9554964114865125
813.0065032516259 	 -1.9569127818130916
813.3066533266633 	 -1.9583297006986466
813.6068034017009 	 -1.9597471681065404
813.9069534767384 	 -1.9611651840023558
814.207103551776 	 -1.962583748350566
814.5072536268134 	 -1.9640028611200844
814.807403701851 	 -1.9654225222676125
815.1075537768885 	 -1.966842731766505
815.407703851926 	 -1.9682634895801243
815.7078539269635 	 -1.9696847956718333
816.008004002001 	 -1.9711066500083252
816.3081540770386 	 -1.9725290525574035
816.6083041520761 	 -1.973952003282431
816.9084542271136 	 -1.9753755021456598
817.2086043021511 	 -1.9767995491204449
817.5087543771887 	 -1.9782241441701487
817.8089044522262 	 -1.9796492872592442
818.1090545272637 	 -1.9810749783522041
818.4092046023011 	 -1.9825012174190526
818.7093546773386 	 -1.9839280044264829
819.0095047523762 	 -1.9853553393378576
819.3096548274136 	 -1.9867832221187598
819.6098049024512 	 -1.9882116527381033
819.9099549774887 	 -1.9896406311648018
820.2101050525263 	 -1.9910701573599976
820.5102551275637 	 -1.9925002312914941
820.8104052026013 	 -1.9939308529304256
821.1105552776388 	 -1.9953620222423751
821.4107053526764 	 -1.9967937391907054
821.7108554277138 	 -1.9982260037454402
822.0110055027513 	 -1.9996588158721629
822.3111555777889 	 -2.001092175539787
822.6113056528264 	 -2.0025260827138958
822.9114557278639 	 -2.0039605373622926
823.2116058029014 	 -2.005395539451671
823.511755877939 	 -2.0068310889509444
823.8119059529765 	 -2.0082671858279166
824.112056028014 	 -2.0097038300515013
824.4122061030515 	 -2.011141021585061
824.7123561780891 	 -2.01257876039862
825.0125062531266 	 -2.014017046461092
825.312656328164 	 -2.0154558797425004
825.6128064032016 	 -2.016895260202878
825.9129564782392 	 -2.018335187817799
826.2131065532767 	 -2.0197756625528474
826.5132566283141 	 -2.021216684375826
826.8134067033517 	 -2.022658253255649
827.1135567783892 	 -2.0241003691623405
827.4137068534268 	 -2.0255430320592627
827.7138569284642 	 -2.02698624191866
828.0140070035018 	 -2.028429998710557
828.3141570785393 	 -2.0298743024016463
828.6143071535769 	 -2.031319152960842
828.9144572286143 	 -2.032764550357058
829.2146073036519 	 -2.0342104945592077
829.5147573786894 	 -2.0356569855350948
829.814907453727 	 -2.0371040232547433
830.1150575287644 	 -2.038551607687067
830.4152076038018 	 -2.039999738799869
830.7153576788394 	 -2.0414484165653946
831.0155077538769 	 -2.0428976409514465
831.3156578289144 	 -2.044347411928049
831.6158079039519 	 -2.0457977294618956
831.9159579789895 	 -2.0472485935252305
832.216108054027 	 -2.0487000040869674
832.5162581290645 	 -2.0501519611171304
832.816408204102 	 -2.0516044645857434
833.1165582791396 	 -2.0530575144583896
833.4167083541771 	 -2.0545111107128644
833.7168584292145 	 -2.0559652533080897
834.0170085042521 	 -2.0574199422263018
834.3171585792896 	 -2.0588751774308633
834.6173086543272 	 -2.060330958890688
834.9174587293646 	 -2.0617872865780207
835.2176088044022 	 -2.0632441604651053
835.5177588794397 	 -2.064701580517525
835.8179089544773 	 -2.0661595467119653
836.1180590295147 	 -2.0676180590117887
836.4182091045523 	 -2.0690771173925704
836.7183591795898 	 -2.070536721822114
837.0185092546274 	 -2.071996872271553
837.3186593296648 	 -2.073457568714243
837.6188094047023 	 -2.0749188111190975
837.9189594797399 	 -2.07638059945614
838.2191095547774 	 -2.0778429336976156
838.5192596298149 	 -2.079305813813548
838.8194097048524 	 -2.080769239775071
839.11955977989 	 -2.0822332115544295
839.4197098549275 	 -2.083697729120537
839.719859929965 	 -2.085162792447859
840.0200100050025 	 -2.0866284015019776
840.3201600800401 	 -2.088094556261799
840.6203101550776 	 -2.0895612566929067
840.920460230115 	 -2.091028502768655
841.2206103051526 	 -2.092496294462398
841.5207603801902 	 -2.093964631745271
841.8209104552277 	 -2.0954335145839664
842.1210605302651 	 -2.0969029429573904
842.4212106053026 	 -2.098372916831126
842.7213606803401 	 -2.0998434361818585
843.0215107553777 	 -2.101314500980722
843.3216608304151 	 -2.1027861111966306
843.6218109054527 	 -2.104258266804049
843.9219609804902 	 -2.105730967775221
844.2221110555278 	 -2.107204214082392
844.5222611305652 	 -2.108678005696696
844.8224112056027 	 -2.110152342591487
845.1225612806403 	 -2.1116272247378998
845.4227113556778 	 -2.113102652105958
845.7228614307153 	 -2.114578624674568
846.0230115057528 	 -2.116055142412643
846.3231615807904 	 -2.1175322052935375
846.6233116558279 	 -2.1190098132850554
846.9234617308654 	 -2.120487966368323
847.2236118059029 	 -2.121966664514474
847.5237618809405 	 -2.123445907687982
847.823911955978 	 -2.1249256958710827
848.1240620310155 	 -2.12640602903158
848.424212106053 	 -2.1278869071472695
848.7243621810906 	 -2.1293683301848443
849.0245122561281 	 -2.1308502981232103
849.3246623311655 	 -2.132332810931281
849.6248124062031 	 -2.1338158685857422
849.9249624812406 	 -2.135299471058838
850.2251125562782 	 -2.1367836183205924
850.5252626313156 	 -2.1382683103510214
850.8254127063532 	 -2.139753547115708
851.1255627813907 	 -2.1412393285957787
851.4257128564283 	 -2.1427256547623674
851.7258629314657 	 -2.1442125255866085
852.0260130065033 	 -2.1456999410418565
852.3261630815408 	 -2.147187901105907
852.6263131565784 	 -2.1486764057521146
852.9264632316158 	 -2.150165454949393
853.2266133066533 	 -2.1516550486777586
853.5267633816909 	 -2.153145186908345
853.8269134567284 	 -2.154635869613397
854.1270635317659 	 -2.1561270967729307
854.4272136068033 	 -2.157618868353639
854.7273636818409 	 -2.1591111843333177
855.0275137568784 	 -2.160604044688652
855.327663831916 	 -2.1620974493929968
855.6278139069534 	 -2.1635913984152655
855.927963981991 	 -2.1650858917365845
856.2281140570285 	 -2.1665809293303084
856.5282641320659 	 -2.1680765111664613
856.8284142071035 	 -2.169572637225059
857.128564282141 	 -2.171069307477236
857.4287143571786 	 -2.1725665219030077
857.728864432216 	 -2.174064280469068
858.0290145072536 	 -2.175562583157653
858.3291645822911 	 -2.177061429938787
858.6293146573287 	 -2.1785608207869345
858.9294647323661 	 -2.180060755683222
859.2296148074037 	 -2.181561234597673
859.5297648824412 	 -2.1830622575058634
859.8299149574788 	 -2.1845638243822574
860.1300650325162 	 -2.186065935206871
860.4302151075537 	 -2.1875685899475084
860.7303651825913 	 -2.189071788585295
861.0305152576288 	 -2.190575531094696
861.3306653326663 	 -2.192079817452397
861.6308154077038 	 -2.1935846476273113
861.9309654827414 	 -2.1950900216016755
862.2311155577789 	 -2.196595939351065
862.5312656328164 	 -2.198102400844393
862.8314157078539 	 -2.199609406063896
863.1315657828915 	 -2.2011169549840393
863.431715857929 	 -2.2026250475792875
863.7318659329665 	 -2.204133683826326
864.032016008004 	 -2.2056428637007297
864.3321660830416 	 -2.2071525871802944
864.6323161580791 	 -2.2086628542372644
864.9324662331165 	 -2.2101736648505454
865.2326163081541 	 -2.2116850189946025
865.5327663831916 	 -2.213196916647231
865.8329164582292 	 -2.2147093577851162
866.1330665332666 	 -2.216222342382723
866.4332166083042 	 -2.217735870415627
866.7333666833416 	 -2.219249941861623
867.0335167583792 	 -2.220764556699617
867.3336668334167 	 -2.2222797149007434
867.6338169084542 	 -2.223795416446128
867.9339669834917 	 -2.225311661309126
868.2341170585293 	 -2.2268284494675328
868.5342671335668 	 -2.228345780901364
868.8344172086042 	 -2.229863655581754
869.1345672836418 	 -2.231382073487609
869.4347173586793 	 -2.2329010345956135
869.7348674337169 	 -2.234420538884674
870.0350175087543 	 -2.2359405863292547
870.3351675837919 	 -2.2374611769071517
870.6353176588294 	 -2.2389823105961604
870.935467733867 	 -2.2405039873718557
871.2356178089044 	 -2.242026207214254
871.535767883942 	 -2.243548970094489
871.8359179589795 	 -2.2450722759970176
872.1360680340171 	 -2.2465961248940847
872.4362181090545 	 -2.248120516765706
872.736368184092 	 -2.2496454515885667
873.0365182591296 	 -2.2511709293393523
873.3366683341671 	 -2.252696949994748
873.6368184092046 	 -2.2542235135336597
873.9369684842421 	 -2.2557506199316624
874.2371185592797 	 -2.2572782691709925
874.5372686343172 	 -2.258806461226115
874.8374187093547 	 -2.260335196073715
875.1375687843922 	 -2.2618644736938087
875.4377188594298 	 -2.2633942940630813
875.7378689344673 	 -2.2649246571593284
876.0380190095048 	 -2.2664555629592353
876.3381690845423 	 -2.2679870114439282
876.6383191595799 	 -2.269519002587872
876.9384692346174 	 -2.271051536372193
877.2386193096548 	 -2.2725846127713556
877.5387693846924 	 -2.2741182317664865
877.8389194597299 	 -2.2756523933364914
878.1390695347675 	 -2.277187097455835
878.4392196098049 	 -2.2787223441056437
878.7393696848424 	 -2.280258133263713
879.0395197598799 	 -2.281794464907838
879.3396698349175 	 -2.283331339015815
879.6398199099549 	 -2.2848687555687697
879.9399699849924 	 -2.2864067145422773
880.24012006003 	 -2.2879452159141334
880.5402701350675 	 -2.2894842596676845
880.840420210105 	 -2.2910238457773957
881.1405702851425 	 -2.2925639742210624
881.4407203601801 	 -2.2941046449820313
881.7408704352176 	 -2.295645858034767
882.0410205102551 	 -2.2971876133615066
882.3411705852926 	 -2.2987299109378245
882.6413206603302 	 -2.3002727507448473
882.9414707353677 	 -2.30181613275926
883.2416208104052 	 -2.3033600569632995
883.5417708854427 	 -2.3049045233325405
883.8419209604803 	 -2.3064495318492195
884.1420710355178 	 -2.307995082490022
884.4422211105552 	 -2.3095411752338535
884.7423711855928 	 -2.3110878100629506
885.0425212606303 	 -2.3126349869528884
885.3426713356679 	 -2.3141827058859032
885.6428214107053 	 -2.3157309668386805
885.9429714857429 	 -2.317279769794567
886.2431215607804 	 -2.318829114726917
886.543271635818 	 -2.3203790016212977
886.8434217108554 	 -2.3219294304532845
887.143571785893 	 -2.3234804012040033
887.4437218609305 	 -2.3250319138534703
887.7438719359681 	 -2.3265839683783707
888.0440220110055 	 -2.328136564762051
888.344172086043 	 -2.329689702981197
888.6443221610806 	 -2.331243383019155
888.9444722361181 	 -2.3327976048515
889.2446223111556 	 -2.3343523684604683
889.5447723861931 	 -2.3359076738260764
889.8449224612307 	 -2.33746352092723
890.1450725362682 	 -2.339019909746165
890.4452226113057 	 -2.340576840258457
890.7453726863431 	 -2.3421343124474525
891.0455227613807 	 -2.3436923262931675
891.3456728364182 	 -2.345250881775618
891.6458229114556 	 -2.3468099788737096
891.9459729864932 	 -2.3483696175685687
892.2461230615307 	 -2.349929797840211
892.5462731365683 	 -2.351490519667543
892.8464232116057 	 -2.3530517830339104
893.1465732866433 	 -2.3546135879182195
893.4467233616808 	 -2.356175934299376
893.7468734367184 	 -2.3577388221596163
894.0470235117558 	 -2.3593022514800666
894.3471735867934 	 -2.3608662222396326
894.6473236618309 	 -2.3624307344183304
894.9474737368685 	 -2.3639957879995066
895.2476238119059 	 -2.3655613829598465
895.5477738869434 	 -2.367127519283807
895.847923961981 	 -2.3686941969525144
896.1480740370185 	 -2.370261415942654
896.448224112056 	 -2.371829176236462
896.7483741870935 	 -2.3733974778150646
897.0485242621311 	 -2.374966320661809
897.3486743371686 	 -2.37653570475449
897.6488244122061 	 -2.3781056300764547
897.9489744872436 	 -2.379676096606609
898.2491245622812 	 -2.3812471043260786
898.5492746373187 	 -2.3828186532171003
898.8494247123562 	 -2.3843907432608002
899.1495747873937 	 -2.3859633744371944
899.4497248624313 	 -2.3875365467285192
899.7498749374688 	 -2.3891102601147907
900.0500250125062 	 -2.3906845145793554
900.3501750875438 	 -2.39225931010445
900.6503251625813 	 -2.393834646665649
900.9504752376189 	 -2.3954105242496304
901.2506253126563 	 -2.3969869428341894
901.5507753876939 	 -2.3985639024048933
901.8509254627314 	 -2.4001414029406476
902.151075537769 	 -2.4017194444225787
902.4512256128064 	 -2.4032980268351434
902.7513756878438 	 -2.404877150155027
903.0515257628814 	 -2.4064568143677967
903.351675837919 	 -2.408037019455689
903.6518259129564 	 -2.4096177653987194
903.9519759879939 	 -2.411199052175794
904.2521260630315 	 -2.412780879774701
904.552276138069 	 -2.4143632481721244
904.8524262131065 	 -2.4159461573536323
905.152576288144 	 -2.4175296072992403
905.4527263631816 	 -2.419113597991185
905.7528764382191 	 -2.4206981294117025
906.0530265132566 	 -2.4222832015430296
906.3531765882941 	 -2.4238688143662923
906.6533266633317 	 -2.425454967862617
906.9534767383692 	 -2.4270416620164603
907.2536268134066 	 -2.428628896810059
907.5537768884442 	 -2.4302166722234286
907.8539269634817 	 -2.4318049882410264
908.1540770385193 	 -2.4333938448428682
908.4542271135567 	 -2.434983242014521
908.7543771885943 	 -2.436573179734891
909.0545272636318 	 -2.4381636579873245
909.3546773386694 	 -2.439754676754058
909.6548274137068 	 -2.4413462360206584
909.9549774887444 	 -2.442938335767142
910.2551275637819 	 -2.4445309759735245
910.5552776388195 	 -2.4461241566264835
910.8554277138569 	 -2.447717877707145
911.1555777888944 	 -2.4493121391977457
911.455727863932 	 -2.4509069410805218
911.7558779389695 	 -2.45250228333882
912.056028014007 	 -2.454098165955987
912.3561780890445 	 -2.4556945889131487
912.6563281640821 	 -2.4572915521936523
912.9564782391196 	 -2.4588890557830645
913.2566283141571 	 -2.4604870996614014
913.5567783891946 	 -2.4620856838108995
913.8569284642322 	 -2.463684808217126
914.1570785392697 	 -2.4652844728600964
914.4572286143072 	 -2.4668846777264886
914.7573786893446 	 -2.468485422795208
915.0575287643821 	 -2.4700867080507116
915.3576788394197 	 -2.4716885334796768
915.6578289144572 	 -2.473290899059899
915.9579789894947 	 -2.4748938047780555
916.2581290645322 	 -2.476497250616383
916.5582791395698 	 -2.4781012365571176
916.8584292146072 	 -2.4797057625858265
917.1585792896448 	 -2.481310828683636
917.4587293646823 	 -2.482916434833893
917.7588794397199 	 -2.484522581022164
918.0590295147573 	 -2.4861292672295754
918.3591795897948 	 -2.4877364934405843
918.6593296648324 	 -2.4893442596385373
918.95947973987 	 -2.490952565805671
919.2596298149074 	 -2.492561411928662
919.5597798899449 	 -2.4941707979886374
919.8599299649825 	 -2.4957807239689433
920.16008004002 	 -2.497391189854037
920.4602301150575 	 -2.499002195629485
920.760380190095 	 -2.5006137412741936
921.0605302651326 	 -2.5022258267770603
921.3606803401701 	 -2.5038384521192114
921.6608304152076 	 -2.5054516172839936
921.9609804902451 	 -2.5070653222558636
922.2611305652827 	 -2.5086795670203887
922.5612806403202 	 -2.510294351558695
922.8614307153576 	 -2.51190967585746
923.1615807903952 	 -2.5135255398966994
923.4617308654327 	 -2.515141943664201
923.7618809404703 	 -2.516758887143311
924.0620310155077 	 -2.5183763703162665
924.3621810905453 	 -2.519994393167524
924.6623311655828 	 -2.5216129556837608
924.9624812406204 	 -2.5232320578483236
925.2626313156578 	 -2.5248516996412285
925.5627813906954 	 -2.5264718810535935
925.8629314657329 	 -2.5280926020632144
926.1630815407705 	 -2.5297138626578786
926.4632316158079 	 -2.5313356628198225
926.7633816908453 	 -2.5329580025346132
927.0635317658829 	 -2.534580881788928
927.3636818409204 	 -2.5362043005650037
927.663831915958 	 -2.5378282588450762
927.9639819909954 	 -2.5394527566169334
928.264132066033 	 -2.5410777938639217
928.5642821410705 	 -2.5427033705704982
928.8644322161081 	 -2.5443294867200095
929.1645822911455 	 -2.545956142299133
929.4647323661831 	 -2.547583337291215
929.7648824412206 	 -2.549211071681823
930.0650325162582 	 -2.5508393454543032
930.3651825912956 	 -2.5524681585953335
930.6653326663331 	 -2.55409751108715
930.9654827413707 	 -2.55572740291643
931.2656328164082 	 -2.5573578340665204
931.5657828914457 	 -2.5589888045240983
931.8659329664832 	 -2.5606203142714
932.1660830415208 	 -2.5622523632973238
932.4662331165583 	 -2.5638849515829953
932.7663831915958 	 -2.5655180791162024
933.0665332666333 	 -2.5671517458780713
933.3666833416709 	 -2.568785951855279
933.6668334167084 	 -2.5704206970356136
933.9669834917459 	 -2.5720559814024213
934.2671335667834 	 -2.5736918049379387
934.567283641821 	 -2.5753281676321738
934.8674337168585 	 -2.5769650694662527
935.1675837918959 	 -2.578602510427963
935.4677338669335 	 -2.5802404905006515
935.767883941971 	 -2.581879009669885
936.0680340170086 	 -2.5835180679234515
936.368184092046 	 -2.585157665242477
936.6683341670836 	 -2.586797801615859
936.9684842421211 	 -2.5884384770280544
937.2686343171587 	 -2.5900796914624102
937.5687843921961 	 -2.591721444906714
937.8689344672337 	 -2.593363737345422
938.1690845422712 	 -2.595006568762992
938.4692346173088 	 -2.5966499391461006
938.7693846923462 	 -2.5982938484814255
939.0695347673836 	 -2.5999382967523132
939.3696848424212 	 -2.601583283945441
939.6698349174587 	 -2.603228810045266
939.9699849924962 	 -2.604874875040686
940.2701350675337 	 -2.6065214789128266
940.5702851425713 	 -2.608168621650586
940.8704352176088 	 -2.6098163032395316
941.1705852926463 	 -2.6114645236630096
941.4707353676838 	 -2.6131132829088077
941.7708854427214 	 -2.6147625809636033
942.0710355177589 	 -2.6164124178085224
942.3711855927963 	 -2.618062793436904
942.6713356678339 	 -2.6197137078287636
942.9714857428714 	 -2.6213651609696687
943.271635817909 	 -2.6230171528507373
943.5717858929464 	 -2.624669683453096
943.871935967984 	 -2.626322752765642
944.1720860430215 	 -2.6279763607728324
944.4722361180591 	 -2.629630507459124
944.7723861930965 	 -2.6312851928156356
945.0725362681341 	 -2.6329404168234927
945.3726863431716 	 -2.6345961794715933
945.6728364182092 	 -2.636252480743284
945.9729864932466 	 -2.637909320627463
946.2731365682841 	 -2.639566699111917
946.5732866433217 	 -2.641224616176663
946.8734367183592 	 -2.642883071816149
947.1735867933967 	 -2.644542066009281
947.4737368684342 	 -2.646201598744957
947.7738869434718 	 -2.6478616700109647
948.0740370185093 	 -2.649522279792871
948.3741870935468 	 -2.6511834280773527
948.6743371685843 	 -2.6528451148488674
948.9744872436219 	 -2.6545073400952024
949.2746373186594 	 -2.656170103803035
949.5747873936969 	 -2.6578334059601527
949.8749374687344 	 -2.6594972465499023
950.175087543772 	 -2.6611616255611814
950.4752376188095 	 -2.662826542978447
950.7753876938469 	 -2.6644919987928173
951.0755377688844 	 -2.6661579929865287
951.3756878439219 	 -2.6678245255462585
951.6758379189595 	 -2.6694915964620147
951.9759879939969 	 -2.671159205716034
952.2761380690345 	 -2.672827353299434
952.576288144072 	 -2.674496039196672
952.8764382191096 	 -2.6761652633955357
953.176588294147 	 -2.6778350258804817
953.4767383691845 	 -2.679505326640408
953.7768884442221 	 -2.6811761656631017
954.0770385192596 	 -2.68284754293302
954.3771885942971 	 -2.6845194584379506
954.6773386693346 	 -2.6861919121656808
954.9774887443722 	 -2.6878649041017777
955.2776388194097 	 -2.689538434234029
955.5777888944472 	 -2.691212502549112
955.8779389694847 	 -2.692887109034814
956.1780890445223 	 -2.694562253676702
956.4782391195598 	 -2.6962379364636746
956.7783891945973 	 -2.6979141573824084
957.0785392696348 	 -2.6995909164184706
957.3786893446724 	 -2.701268213559649
957.6788394197099 	 -2.702946048795951
957.9789894947473 	 -2.704624422109614
958.2791395697849 	 -2.7063033334928654
958.5792896448224 	 -2.707982782926832
958.87943971986 	 -2.709662770405963
959.1795897948974 	 -2.711343295912494
959.479739869935 	 -2.713024359434213
959.7798899449725 	 -2.7147059609633484
960.0800400200101 	 -2.7163881004776957
960.3801900950475 	 -2.7180707779739244
960.6803401700851 	 -2.719753993435381
960.9804902451226 	 -2.721437746850963
961.2806403201602 	 -2.723122038206238
961.5807903951976 	 -2.7248068674889936
961.8809404702351 	 -2.726492234688127
962.1810905452727 	 -2.7281781397925364
962.4812406203102 	 -2.729864582784458
962.7813906953477 	 -2.7315515636561205
963.0815407703852 	 -2.7332390823919805
963.3816908454228 	 -2.7349271389842666
963.6818409204603 	 -2.7366157334152152
963.9819909954978 	 -2.7383048656759446
964.2821410705353 	 -2.739994535754242
964.5822911455729 	 -2.741684743635675
964.8824412206104 	 -2.743375489309141
965.1825912956479 	 -2.745066772762428
965.4827413706854 	 -2.746758593983323
965.782891445723 	 -2.7484509529596135
966.0830415207605 	 -2.7501438496801978
966.3831915957979 	 -2.7518372841306427
966.6833416708355 	 -2.753531256300956
966.983491745873 	 -2.7552257661767054
967.2836418209106 	 -2.7569208137478984
967.583791895948 	 -2.7586163990023227
967.8839419709856 	 -2.7603125219266555
968.1840920460231 	 -2.762009182510905
968.4842421210607 	 -2.763706380740638
968.7843921960981 	 -2.7654041166047527
969.0845422711354 	 -2.7671023900921465
969.384692346173 	 -2.768801201190607
969.6848424212105 	 -2.770500549886812
969.9849924962481 	 -2.772200436172989
970.2851425712855 	 -2.7739008600324855
970.5852926463231 	 -2.775601821455309
970.8854427213606 	 -2.7773033204292474
971.1855927963982 	 -2.7790053569454187
971.4857428714356 	 -2.7807079309871696
971.7858929464732 	 -2.7824110425478388
972.0860430215107 	 -2.7841146916096626
972.3861930965483 	 -2.78581887816709
972.6863431715857 	 -2.787523602204578
972.9864932466232 	 -2.7892288637121343
973.2866433216608 	 -2.790934662678657
973.5867933966983 	 -2.7926409990897127
973.8869434717358 	 -2.79434787293531
974.1870935467733 	 -2.7960552842065667
974.4872436218109 	 -2.79776323288794
974.7873936968484 	 -2.7994717189705476
975.0875437718859 	 -2.801180742439957
975.3876938469234 	 -2.8028903032872865
975.687843921961 	 -2.8046004015003234
975.9879939969985 	 -2.806311037069076
976.288144072036 	 -2.808022209979111
976.5882941470735 	 -2.8097339202204363
976.888444222111 	 -2.8114461677819502
977.1885942971485 	 -2.8131589526536604
977.488744372186 	 -2.814872274821134
977.7888944472236 	 -2.8165861342754894
978.0890445222611 	 -2.818300531004514
978.3891945972986 	 -2.8200154649971054
978.6893446723361 	 -2.8217309362410514
978.9894947473737 	 -2.8234469447285804
979.2896448224112 	 -2.8251634904419287
979.5897948974487 	 -2.8268805733766555
979.8899449724862 	 -2.828598193518328
980.1900950475238 	 -2.830316350856954
980.4902451225613 	 -2.8320350453814314
980.7903951975987 	 -2.8337542770795476
981.0905452726363 	 -2.835474045941311
981.3906953476738 	 -2.837194351952288
981.6908454227114 	 -2.838915195105818
981.9909954977488 	 -2.840636575389688
982.2911455727864 	 -2.842358492792796
982.5912956478239 	 -2.844080947301819
982.8914457228615 	 -2.8458039389100964
983.1915957978989 	 -2.847527467604305
983.4917458729365 	 -2.8492515333733426
983.791895947974 	 -2.850976136206107
984.0920460230116 	 -2.8527012760937165
984.392196098049 	 -2.8544269530228483
984.6923461730865 	 -2.8561531669835105
984.9924962481241 	 -2.857879917965711
985.2926463231616 	 -2.8596072059572375
985.5927963981991 	 -2.861335030948098
985.8929464732366 	 -2.8630633929283
986.1930965482742 	 -2.864792291886742
986.4932466233117 	 -2.8665217278101007
986.7933966983492 	 -2.868251700690605
987.0935467733867 	 -2.8699822105171524
987.3936968484243 	 -2.871713257279751
987.6938469234618 	 -2.873444840965078
987.9939969984993 	 -2.875176961565362
988.2941470735368 	 -2.876909619069501
988.5942971485744 	 -2.8786428134641717
988.8944472236119 	 -2.880376544741603
989.1945972986493 	 -2.8821108128918027
989.4947473736869 	 -2.883845617901448
989.7948974487244 	 -2.8855809597616577
990.095047523762 	 -2.8873168384635495
990.3951975987994 	 -2.8890532539938008
990.695347673837 	 -2.89079020634353
990.9954977488745 	 -2.892527695500524
991.2956478239121 	 -2.894265721455902
991.5957978989495 	 -2.8960042842007816
991.8959479739871 	 -2.8977433837229505
992.1960980490246 	 -2.8994830200124166
992.4962481240622 	 -2.901223193058078
992.7963981990996 	 -2.902963902849942
993.0965482741369 	 -2.9047051493791276
993.3966983491745 	 -2.9064469326323117
993.696848424212 	 -2.908189252602833
993.9969984992496 	 -2.909932109277369
994.297148574287 	 -2.911675502648148
994.5972986493246 	 -2.9134194327040674
994.8974487243621 	 -2.9151638994340257
995.1975987993997 	 -2.9169089028291406
995.4977488744371 	 -2.9186544428794203
995.7978989494746 	 -2.9204005195726523
996.0980490245122 	 -2.9221471329021753
996.3981990995497 	 -2.9238942828535563
996.6983491745872 	 -2.9256419694212443
996.9984992496247 	 -2.9273901925919166
997.2986493246623 	 -2.9291389523566913
997.5987993996998 	 -2.9308882487066867
997.8989494747373 	 -2.9326380816296904
998.1990995497748 	 -2.9343884511157103
998.4992496248124 	 -2.936139357158085
998.7993996998499 	 -2.937890799743492
999.0995497748874 	 -2.93964277886416
999.3996998499249 	 -2.941395294507876
999.6998499249625 	 -2.943148346665758
1000.0 	 -2.944901935328925
