0.0 	 0.9289291066660876 	 2.087593638366858 	 3.3668771280470633 
0.012012012012012012 	 0.9241901824386112 	 2.0828487176749455 	 3.3621255850335707 
0.024024024024024024 	 0.9194513050281294 	 2.0781038438932864 	 3.3573740890335824 
0.036036036036036036 	 0.9147124744368629 	 2.073359017024101 	 3.3526226400482084 
0.04804804804804805 	 0.9099736906603706 	 2.068614237062949 	 3.3478712380741182 
0.06006006006006006 	 0.9052349537019833 	 2.0638695040131605 	 3.3431198831146425 
0.07207207207207207 	 0.90049626355726 	 2.0591248178691846 	 3.33836857516312 
0.08408408408408409 	 0.895757620227311 	 2.0543801786332416 	 3.333617314223991 
0.0960960960960961 	 0.8910190237088056 	 2.049635586302001 	 3.328866100290595 
0.10810810810810811 	 0.886280474002854 	 2.044891040876573 	 3.3241149333662623 
0.12012012012012012 	 0.8815419711072359 	 2.040146542354737 	 3.3193638134487724 
0.13213213213213212 	 0.8768035150197306 	 2.035402090734273 	 3.3146127405347947 
0.14414414414414414 	 0.8720651057414486 	 2.0306576860151804 	 3.3098617146254394 
0.15615615615615616 	 0.8673267432734999 	 2.02591332819968 	 3.305110735722927 
0.16816816816816818 	 0.8625884276092233 	 2.0211690172811103 	 3.300359803819486 
0.18018018018018017 	 0.8578501587486187 	 2.0164247532605817 	 3.2956089189173365 
0.1921921921921922 	 0.8531119366961271 	 2.0116805361403145 	 3.290858081017589 
0.2042042042042042 	 0.8483737614439768 	 2.006936365912537 	 3.2861072901146926 
0.21621621621621623 	 0.843635632997719 	 2.002192242583911 	 3.2813565462119776 
0.22822822822822822 	 0.838897551348472 	 1.9974481661466648 	 3.276605849303893 
0.24024024024024024 	 0.8341595165006765 	 1.9927041366030185 	 3.2718551993926592 
0.25225225225225223 	 0.8294215284521123 	 1.987960153951862 	 3.267104596477166 
0.26426426426426425 	 0.8246835872027791 	 1.9832162181931956 	 3.262354040555193 
0.27627627627627627 	 0.8199456927493465 	 1.978472329322578 	 3.25760353162563 
0.2882882882882883 	 0.8152078450940348 	 1.9737284873433403 	 3.2528530696895874 
0.3003003003003003 	 0.8104700442312929 	 1.9689846922510412 	 3.248102654742624 
0.3123123123123123 	 0.8057322901644515 	 1.964240944045681 	 3.24335228678696 
0.32432432432432434 	 0.8009945828890697 	 1.9594972427261492 	 3.2386019658192655 
0.33633633633633636 	 0.7962569224040372 	 1.9547535882902256 	 3.2338516918373195 
0.3483483483483483 	 0.7915193087126848 	 1.9500099807412408 	 3.229101464845563 
0.36036036036036034 	 0.7867817418094614 	 1.9452664200714231 	 3.2243512848362244 
0.37237237237237236 	 0.782044221695477 	 1.9405229062852136 	 3.2196011518126344 
0.3843843843843844 	 0.7773067483685114 	 1.9357794393792815 	 3.2148510657725726 
0.3963963963963964 	 0.7725693218296747 	 1.9310360193547371 	 3.210101026714929 
0.4084084084084084 	 0.7678319420745261 	 1.9262926462060292 	 3.2053510346385927 
0.42042042042042044 	 0.7630946091052859 	 1.9215493199375988 	 3.200601089542454 
0.43243243243243246 	 0.7583573229197338 	 1.9168060405438947 	 3.195851191425403 
0.4444444444444444 	 0.7536200835178697 	 1.9120628080271374 	 3.191101340288549 
0.45645645645645644 	 0.7488828908952527 	 1.907319622383996 	 3.186351536127452 
0.46846846846846846 	 0.7441457450518829 	 1.9025764836133607 	 3.181601778941001 
0.4804804804804805 	 0.7394086459910909 	 1.8978333917163415 	 3.1768520687325275 
0.4924924924924925 	 0.7346715937062154 	 1.8930903466896076 	 3.1721024054953695 
0.5045045045045045 	 0.729934588200587 	 1.8883473485342694 	 3.167352789232858 
0.5165165165165165 	 0.7251976294697648 	 1.8836043972481065 	 3.1626032199427723 
0.5285285285285285 	 0.720460717513749 	 1.8788614928288982 	 3.157853697621782 
0.5405405405405406 	 0.7157238523325393 	 1.8741186352766448 	 3.153104222270997 
0.5525525525525525 	 0.7109870339261359 	 1.8693758245935665 	 3.148354793891528 
0.5645645645645646 	 0.7062502622889877 	 1.8646330607730022 	 3.1436054124778234 
0.5765765765765766 	 0.7015135374255355 	 1.8598903438182823 	 3.138856078032104 
0.5885885885885885 	 0.6967768593302281 	 1.8551476737249661 	 3.134106790551039 
0.6006006006006006 	 0.6920402280030657 	 1.8504050504930536 	 3.129357550033518 
0.6126126126126126 	 0.6873036434473789 	 1.8456624741247651 	 3.124608356482872 
0.6246246246246246 	 0.6825671056553961 	 1.8409199446134394 	 3.119859209891329 
0.6366366366366366 	 0.677830614630448 	 1.8361774619624072 	 3.1151101102633305 
0.6486486486486487 	 0.6730941703692039 	 1.8314350261683376 	 3.110361057594435 
0.6606606606606606 	 0.6683577728738843 	 1.826692637232341 	 3.1056120518868635 
0.6726726726726727 	 0.663621422138938 	 1.8219502951499766 	 3.1008630931361747 
0.6846846846846847 	 0.6588851181699162 	 1.8172079999256852 	 3.0961141813456994 
0.6966966966966966 	 0.6541488609568269 	 1.8124657515528053 	 3.091365316508776 
0.7087087087087087 	 0.6494126505063313 	 1.8077235500335576 	 3.086616498628736 
0.7207207207207207 	 0.6446764868095478 	 1.8029813953623908 	 3.081867727698917 
0.7327327327327328 	 0.6399403698753581 	 1.7982392875437458 	 3.077119003725981 
0.7447447447447447 	 0.6352042996971008 	 1.7934972265776228 	 3.072370326705487 
0.7567567567567568 	 0.630468276274776 	 1.7887552124573602 	 3.0676216966352143 
0.7687687687687688 	 0.6257322996039427 	 1.7840132451829582 	 3.062873113514053 
0.7807807807807807 	 0.6209963696868215 	 1.7792713247566372 	 3.058124577342003 
0.7927927927927928 	 0.6162604865256327 	 1.7745294511750664 	 3.053376088119064 
0.8048048048048048 	 0.6115246501114946 	 1.769787624438246 	 3.048627645843016 
0.8168168168168168 	 0.6067888604510685 	 1.7650458445450656 	 3.0438792505116385 
0.8288288288288288 	 0.6020531175376931 	 1.760304111493305 	 3.0391309021260415 
0.8408408408408409 	 0.5973174213735888 	 1.755562425284074 	 3.034382600686225 
0.8528528528528528 	 0.5925817719543147 	 1.7508207859107117 	 3.0296343461833075 
0.8648648648648649 	 0.5878461692843118 	 1.7460791933798792 	 3.0248861386272807 
0.8768768768768769 	 0.5831106133569186 	 1.7413376476860254 	 3.020137978009263 
0.8888888888888888 	 0.5783751041765761 	 1.7365961488302606 	 3.015389864332585 
0.9009009009009009 	 0.573639641736623 	 1.731854696809254 	 3.010641797593916 
0.9129129129129129 	 0.5689042260392796 	 1.7271132916252263 	 3.005893777794366 
0.924924924924925 	 0.5641688570823256 	 1.7223719332726262 	 3.0011458049283846 
0.9369369369369369 	 0.5594335348679813 	 1.7176306217547843 	 2.996397879000412 
0.948948948948949 	 0.5546982593895855 	 1.7128893570672599 	 2.9916500000048973 
0.960960960960961 	 0.5499630306471381 	 1.7081481392089426 	 2.9869021679407304 
0.972972972972973 	 0.5452278486473006 	 1.7034069681842734 	 2.9821543828145725 
0.984984984984985 	 0.5404927133789705 	 1.6986658439832603 	 2.977406644614211 
0.996996996996997 	 0.535757624846589 	 1.693924766614785 	 2.972658953347418 
1.009009009009009 	 0.5310225830479354 	 1.689183736071076 	 2.9679113090086418 
1.021021021021021 	 0.5262875879807893 	 1.6844427523499128 	 2.9631637115978826 
1.033033033033033 	 0.5215526396451509 	 1.6797018154557364 	 2.9584161611140303 
1.045045045045045 	 0.5168177380410199 	 1.6749609253863262 	 2.9536686575570847 
1.057057057057057 	 0.5120828831683966 	 1.670220082139462 	 2.948921200925936 
1.0690690690690692 	 0.5073480750206194 	 1.6654792857107026 	 2.9441737912161425 
1.0810810810810811 	 0.5026133136021294 	 1.660738536104489 	 2.939426428432146 
1.093093093093093 	 0.4978785989084855 	 1.6559978333163805 	 2.934679112566174 
1.105105105105105 	 0.49314393094190834 	 1.6512571773485973 	 2.9299318436237787 
1.117117117117117 	 0.48840930969795693 	 1.6465165681944782 	 2.9251846216005184 
1.1291291291291292 	 0.48367473517885173 	 1.641776005858464 	 2.9204374464963934 
1.1411411411411412 	 0.4789402073823723 	 1.6370354903383344 	 2.9156903183102933 
1.1531531531531531 	 0.4742057263062982 	 1.6322950216340892 	 2.910943237041108 
1.165165165165165 	 0.469471291948409 	 1.6275545997368468 	 2.906196202684397 
1.177177177177177 	 0.4647369043131455 	 1.6228142246577093 	 2.9014492152457105 
1.1891891891891893 	 0.46000256339162604 	 1.618073896383354 	 2.896702274718388 
1.2012012012012012 	 0.45526826919273233 	 1.6133336149248834 	 2.8919553811057597 
1.2132132132132132 	 0.4505340217075826 	 1.6085933802734154 	 2.887208534404495 
1.2252252252252251 	 0.4457998209339564 	 1.60385319242895 	 2.8824617346112635 
1.2372372372372373 	 0.4410656668785151 	 1.5991130513914875 	 2.8777149817293957 
1.2492492492492493 	 0.4363315595323769 	 1.5943729571588072 	 2.8729682757544506 
1.2612612612612613 	 0.43159749889998267 	 1.5896329097331297 	 2.8682216166875385 
1.2732732732732732 	 0.426863484979112 	 1.584892909110014 	 2.863475004526439 
1.2852852852852852 	 0.4221295177697648 	 1.58015295528946 	 2.8587284392722623 
1.2972972972972974 	 0.41739559726527986 	 1.5754130482692474 	 2.853981920918347 
1.3093093093093093 	 0.41266172347231844 	 1.5706731880515967 	 2.849235449473575 
1.3213213213213213 	 0.4079278963819988 	 1.565933374632067 	 2.8444890249246235 
1.3333333333333333 	 0.40319411599876176 	 1.561193608010658 	 2.8397426472803744 
1.3453453453453454 	 0.3984603823226074 	 1.5564538881895906 	 2.8349963165363867 
1.3573573573573574 	 0.3937266953446539 	 1.5517142151599828 	 2.8302500326882196 
1.3693693693693694 	 0.388993055073783 	 1.5469745889307163 	 2.825503795740314 
1.3813813813813813 	 0.384259461501113 	 1.5422350094929094 	 2.8207576056860084 
1.3933933933933933 	 0.3795259146333052 	 1.5374954768487825 	 2.8160114625319643 
1.4054054054054055 	 0.3747924144614778 	 1.5327559909961153 	 2.8112653662715203 
1.4174174174174174 	 0.3700589609878513 	 1.5280165519349076 	 2.806519316902456 
1.4294294294294294 	 0.3653255542146461 	 1.52327715966738 	 2.8017733144292123 
1.4414414414414414 	 0.3605921941329804 	 1.5185378141846506 	 2.7970273588451278 
1.4534534534534536 	 0.35585888074951555 	 1.5137985154911604 	 2.7922814501546434 
1.4654654654654655 	 0.35112561406203113 	 1.5090592635869093 	 2.7875355883510977 
1.4774774774774775 	 0.3463923940638658 	 1.504320058465236 	 2.782789773434491 
1.4894894894894894 	 0.3416592207594604 	 1.4995809001305815 	 2.7780440054092637 
1.5015015015015014 	 0.336926094148815 	 1.4948417885807253 	 2.773298284268755 
1.5135135135135136 	 0.3321930142230478 	 1.4901027238112263 	 2.7685526100129643 
1.5255255255255256 	 0.3274599809888201 	 1.4853637058220848 	 2.763806982641892 
1.5375375375375375 	 0.3227269944439115 	 1.4806247346177415 	 2.759061402155538 
1.5495495495495495 	 0.3179940545838811 	 1.475885810191535 	 2.7543158685494618 
1.5615615615615615 	 0.3132611614109493 	 1.4711469325434656 	 2.749570381825883 
1.5735735735735736 	 0.3085283149228957 	 1.4664081016757535 	 2.744824941982582 
1.5855855855855856 	 0.3037955151174998 	 1.461669317579517 	 2.7400795490151175 
1.5975975975975976 	 0.2990627619969821 	 1.4569305802636379 	 2.735334202930151 
1.6096096096096095 	 0.2943300555569017 	 1.4521918897214547 	 2.7305889037210207 
1.6216216216216217 	 0.2895973957972586 	 1.4474532459507472 	 2.7258436513855067 
1.6336336336336337 	 0.2848647827180528 	 1.4427146489559561 	 2.7210984459280496 
1.6456456456456456 	 0.28013221631706386 	 1.4379760987281998 	 2.716353287341988 
1.6576576576576576 	 0.2753996965920713 	 1.4332375952741394 	 2.711608175629543 
1.6696696696696696 	 0.27066722354751604 	 1.4284991385893342 	 2.7068631107907137 
1.6816816816816818 	 0.26593479717673674 	 1.4237607286715637 	 2.70211809282328 
1.6936936936936937 	 0.2612024174797334 	 1.4190223655208278 	 2.697373121720581 
1.7057057057057057 	 0.256470084456506 	 1.4142840491371267 	 2.692628197491498 
1.7177177177177176 	 0.2517377981048341 	 1.4095457795160193 	 2.687883320127149 
1.7297297297297298 	 0.24700555842693817 	 1.4048075566619467 	 2.6831384896319754 
1.7417417417417418 	 0.2422733654183773 	 1.4000693805704678 	 2.6783937059993157 
1.7537537537537538 	 0.2375412190791515 	 1.3953312512415827 	 2.6736489692336107 
1.7657657657657657 	 0.2328091194070403 	 1.3905931686752915 	 2.6689042793304196 
1.7777777777777777 	 0.22807706640204373 	 1.3858551328649327 	 2.6641596362897424 
1.7897897897897899 	 0.22334506006416177 	 1.3811171438149472 	 2.659415040111579 
1.8018018018018018 	 0.218613100391174 	 1.376379201525335 	 2.6546704907914886 
1.8138138138138138 	 0.21388118738530082 	 1.3716413059916555 	 2.649925988333912 
1.8258258258258258 	 0.20914932103766048 	 1.3669034572116878 	 2.645181532732188 
1.837837837837838 	 0.20441750135713477 	 1.362165655189873 	 2.6404371239907576 
1.84984984984985 	 0.19968572833262144 	 1.357427899915109 	 2.6356927621007387 
1.8618618618618619 	 0.19495400197300228 	 1.3526901914007183 	 2.630948447071013 
1.8738738738738738 	 0.19022232226717506 	 1.3479525296333783 	 2.6262041788882584 
1.8858858858858858 	 0.18549068922180112 	 1.3432149146197503 	 2.621459957565797 
1.897897897897898 	 0.18075910283243957 	 1.338477346353173 	 2.6167157830903065 
1.90990990990991 	 0.17602756310131085 	 1.3337398248380872 	 2.6119716554706685 
1.921921921921922 	 0.17129607002397407 	 1.3290023500678316 	 2.607227574698001 
1.9339339339339339 	 0.16656462360042923 	 1.3242649220446268 	 2.602483540774525 
1.945945945945946 	 0.16183322382845589 	 1.3195275407684726 	 2.59773955370024 
1.957957957957958 	 0.15710187071027448 	 1.3147902062349281 	 2.592995613472926 
1.96996996996997 	 0.15237056423922368 	 1.3100529184439935 	 2.5882517200881416 
1.981981981981982 	 0.14763930441974438 	 1.3053156773978891 	 2.583507873550328 
1.993993993993994 	 0.14290809124961612 	 1.300578483092174 	 2.578764073857265 
2.006006006006006 	 0.13817692472661847 	 1.2958413355268483 	 2.574020321004511 
2.018018018018018 	 0.13344580485297186 	 1.291104234701912 	 2.5692766149965074 
2.03003003003003 	 0.12871473161979452 	 1.286367180612924 	 2.5645329558243724 
2.042042042042042 	 0.12398370503374778 	 1.281630173262105 	 2.5597893434969876 
2.054054054054054 	 0.11925272509039075 	 1.2768932126472343 	 2.5550457780054714 
2.066066066066066 	 0.11452179179194388 	 1.2721562987683122 	 2.550302259352044 
2.078078078078078 	 0.10979090513174583 	 1.2674194316208975 	 2.5455587875344854 
2.09009009009009 	 0.10506006511423749 	 1.2626826112116518 	 2.540815362552795 
2.1021021021021022 	 0.10032927173275752 	 1.2579458375294728 	 2.536071984404753 
2.114114114114114 	 0.09559852498952637 	 1.2532091105765808 	 2.531328653090359 
2.126126126126126 	 0.09086782488898493 	 1.2484724303596373 	 2.526585368609613 
2.1381381381381384 	 0.08613717141781052 	 1.24373579686754 	 2.521842130958074 
2.15015015015015 	 0.08140656458710538 	 1.2389992101047298 	 2.517098940137963 
2.1621621621621623 	 0.07667600438798772 	 1.2342626700689863 	 2.512355796147059 
2.174174174174174 	 0.07194549082267798 	 1.2295261767603094 	 2.507612698985362 
2.186186186186186 	 0.06721502388895573 	 1.2247897301720378 	 2.502869648646211 
2.1981981981981984 	 0.06248460358682095 	 1.220053330310833 	 2.4981266451384876 
2.21021021021021 	 0.05775422991405321 	 1.2153169771700334 	 2.49338368845331 
2.2222222222222223 	 0.053023902870652506 	 1.21058067075408 	 2.488640778592899 
2.234234234234234 	 0.04829362245217794 	 1.2058444110540911 	 2.4838979155505925 
2.2462462462462462 	 0.04356338866529086 	 1.201108198076728 	 2.4791550993374933 
2.2582582582582584 	 0.03883320150332992 	 1.1963720318197701 	 2.474412329942499 
2.27027027027027 	 0.03410306096407467 	 1.1916359122765563 	 2.46966960736561 
2.2822822822822824 	 0.02937296704974557 	 1.1868998394493069 	 2.4649269316068256 
2.294294294294294 	 0.02464291975812216 	 1.1821638133424628 	 2.460184302670587 
2.3063063063063063 	 0.019912919086984004 	 1.1774278339449218 	 2.4554417205457924 
2.3183183183183185 	 0.015182965038551544 	 1.1726919012633452 	 2.450699185241323 
2.33033033033033 	 0.010453057608383887 	 1.1679560152932922 	 2.445956696748297 
2.3423423423423424 	 0.00572319679870148 	 1.1632201760347627 	 2.4412142550689353 
2.354354354354354 	 0.000993382605063431 	 1.1584843834855363 	 2.4364718602032376 
2.3663663663663663 	 -0.003736384974750706 	 1.1537486376433925 	 2.431729512146763 
2.3783783783783785 	 -0.008466105934079593 	 1.1490129385149928 	 2.4269872109039525 
2.3903903903903903 	 -0.013195780279584568 	 1.1442772860914552 	 2.422244956470365 
2.4024024024024024 	 -0.017925408015706523 	 1.1395416803705594 	 2.41750274884156 
2.4144144144144146 	 -0.02265498913578412 	 1.1348061213567462 	 2.4127605880241987 
2.4264264264264264 	 -0.027384523646478698 	 1.1300706090500157 	 2.4080184740116195 
2.4384384384384385 	 -0.03211401154556981 	 1.125335143441486 	 2.4032764068038226 
2.4504504504504503 	 -0.0368434528352779 	 1.1205997245378185 	 2.398534386400808 
2.4624624624624625 	 -0.04157284751782342 	 1.1158643523345724 	 2.393792412800355 
2.4744744744744747 	 -0.04630219559320636 	 1.111129026829527 	 2.389050486002464 
2.4864864864864864 	 -0.051031497061426734 	 1.106393748024903 	 2.3843086060049146 
2.4984984984984986 	 -0.05576075192470498 	 1.1016585159162595 	 2.3795667728077063 
2.5105105105105103 	 -0.06048996018526154 	 1.0969233305058168 	 2.374824986408619 
2.5225225225225225 	 -0.06521912184087597 	 1.092188191793575 	 2.370083246809873 
2.5345345345345347 	 -0.06994823689376872 	 1.0874530997728726 	 2.3653415540070277 
2.5465465465465464 	 -0.07467730534616024 	 1.0827180544459303 	 2.360599908000083 
2.5585585585585586 	 -0.07940632720249141 	 1.0779830558105274 	 2.355858308786818 
2.5705705705705704 	 -0.0841353024561009 	 1.0732481038688846 	 2.3511167563694535 
2.5825825825825826 	 -0.08886423111365005 	 1.0685131986165608 	 2.3463752507435487 
2.5945945945945947 	 -0.09359311317069796 	 1.0637783400557765 	 2.3416337919091035 
2.6066066066066065 	 -0.09832194863612642 	 1.0590435281798705 	 2.336892379866118 
2.6186186186186187 	 -0.10305073750549454 	 1.0543087629932835 	 2.3321510146123714 
2.630630630630631 	 -0.10777947977880231 	 1.049574044493795 	 2.327409696147864 
2.6426426426426426 	 -0.11250817546493153 	 1.044839372674744 	 2.322668424468155 
2.6546546546546548 	 -0.11723682455277995 	 1.040104747545012 	 2.317927199577685 
2.6666666666666665 	 -0.12196542705344982 	 1.0353701691001582 	 2.313186021474234 
2.6786786786786787 	 -0.12669398296472067 	 1.0306356373313008 	 2.30844489015114 
2.690690690690691 	 -0.13142249228659253 	 1.025901152249542 	 2.3037038056128445 
2.7027027027027026 	 -0.13615095502128582 	 1.0211667138437797 	 2.2989627678571267 
2.714714714714715 	 -0.14087937116880056 	 1.0164323221184546 	 2.2942217768839868 
2.7267267267267266 	 -0.14560774072913674 	 1.0116979770735668 	 2.289480832691204 
2.7387387387387387 	 -0.1503360637089557 	 1.006963678702455 	 2.2847399352765585 
2.750750750750751 	 -0.1550643401015961 	 1.00222942700956 	 2.27999908464227 
2.7627627627627627 	 -0.15979256991371926 	 0.9974952219904409 	 2.275258280781678 
2.774774774774775 	 -0.16452075314532522 	 0.9927610636450979 	 2.2705175236992226 
2.7867867867867866 	 -0.1692488897941935 	 0.9880269519735307 	 2.2657768133926837 
2.798798798798799 	 -0.173976979864765 	 0.9832928869735191 	 2.261036149859841 
2.810810810810811 	 -0.1787050233592602 	 0.9785588686428426 	 2.2562955330984735 
2.8228228228228227 	 -0.18343302027323816 	 0.9738248969837215 	 2.2515549631108023 
2.834834834834835 	 -0.18816097061558068 	 0.9690909719894947 	 2.2468144398901657 
2.8468468468468466 	 -0.19288887437740598 	 0.9643570936690438 	 2.2420739634454456 
2.858858858858859 	 -0.1976167315653754 	 0.959623262013487 	 2.2373335337677602 
2.870870870870871 	 -0.20234454218392983 	 0.954889477020604 	 2.232593150854889 
2.8828828828828827 	 -0.20707230622862838 	 0.9501557386948356 	 2.227852814711273 
2.894894894894895 	 -0.2118000237016915 	 0.9454220470317409 	 2.2231125253324713 
2.906906906906907 	 -0.2165276946053396 	 0.94068840203132 	 2.218372282720704 
2.918918918918919 	 -0.22125531893957273 	 0.9359548036935728 	 2.2136320868693105 
2.930930930930931 	 -0.2259828967066113 	 0.9312212520140584 	 2.208891937782731 
2.942942942942943 	 -0.23071042790645535 	 0.9264877469972177 	 2.204151835456525 
2.954954954954955 	 -0.2354379125413253 	 0.921754288634169 	 2.199411779890692 
2.966966966966967 	 -0.24016535061122113 	 0.9170208769315735 	 2.1946717710852326 
2.978978978978979 	 -0.24489274211614287 	 0.9122875118849905 	 2.1899318090401465 
2.990990990990991 	 -0.24962008705831096 	 0.9075541934944198 	 2.185191893750993 
3.003003003003003 	 -0.25434738543994584 	 0.9028209217554206 	 2.1804520252177717 
3.015015015015015 	 -0.25907463725882707 	 0.8980876966746543 	 2.175712203440483 
3.027027027027027 	 -0.26380184251939554 	 0.8933545182387981 	 2.1709724284169063 
3.039039039039039 	 -0.2685290012194308 	 0.8886213864611747 	 2.1662327001470416 
3.051051051051051 	 -0.2732561133655942 	 0.8838883013284615 	 2.1614930186286685 
3.063063063063063 	 -0.2779831789534448 	 0.8791552628473198 	 2.156753383861787 
3.075075075075075 	 -0.28271019798520314 	 0.8744222710133087 	 2.152013795846397 
3.0870870870870872 	 -0.2874371704630896 	 0.8696893258264282 	 2.147274254580278 
3.099099099099099 	 -0.29216409638710417 	 0.8649564272866783 	 2.14253476006121 
3.111111111111111 	 -0.2968909757594673 	 0.8602235753918386 	 2.1377953122891924 
3.123123123123123 	 -0.30161780858017906 	 0.8554907701374681 	 2.133055911262005 
3.135135135135135 	 -0.30634459484923937 	 0.8507580115280078 	 2.1283165569818685 
3.1471471471471473 	 -0.3110713345688687 	 0.8460252995634576 	 2.123577249446562 
3.159159159159159 	 -0.31579802774350796 	 0.8412926342349358 	 2.118837988651645 
3.171171171171171 	 -0.32052467436427534 	 0.8365600155513242 	 2.1140987746015583 
3.1831831831831834 	 -0.325251274446714 	 0.8318274435015205 	 2.10935960728742 
3.195195195195195 	 -0.3299778279775012 	 0.827094918092186 	 2.1046204867181117 
3.2072072072072073 	 -0.3347043349677392 	 0.82236243931888 	 2.099881412884752 
3.219219219219219 	 -0.33943079541298715 	 0.8176300071793818 	 2.0951423857895612 
3.2312312312312312 	 -0.34415720931990634 	 0.8128976216759121 	 2.090403405430319 
3.2432432432432434 	 -0.348883576679615 	 0.8081652828084707 	 2.085664471811466 
3.255255255255255 	 -0.35360989750321536 	 0.8034329905703963 	 2.0809255849219 
3.2672672672672673 	 -0.35833617178626653 	 0.7987007449639094 	 2.0761867447682825 
3.279279279279279 	 -0.3630623995332094 	 0.79396854598901 	 2.071447951348393 
3.2912912912912913 	 -0.3677885807418235 	 0.7892363936434776 	 2.0667092046577906 
3.3033033033033035 	 -0.37251471541432934 	 0.7845042879273123 	 2.061970504698696 
3.315315315315315 	 -0.37724080355072687 	 0.7797722288360731 	 2.057231851468888 
3.3273273273273274 	 -0.3819668451576774 	 0.7750402163719805 	 2.052493244966147 
3.339339339339339 	 -0.3866928402285197 	 0.770308250532814 	 2.047754685192693 
3.3513513513513513 	 -0.39141878876769454 	 0.7655763313185737 	 2.0430161721440854 
3.3633633633633635 	 -0.396144690775202 	 0.7608444587270391 	 2.0382777058225443 
3.3753753753753752 	 -0.4008705462554829 	 0.7561126327582102 	 2.033539286223629 
3.3873873873873874 	 -0.4055963552040964 	 0.7513808534098665 	 2.02880091334956 
3.3993993993993996 	 -0.4103221176277039 	 0.7466491206842285 	 2.024062587195896 
3.4114114114114114 	 -0.4150478335240848 	 0.7419174345746349 	 2.019324307764858 
3.4234234234234235 	 -0.41977350289545967 	 0.7371857950833061 	 2.014586075052005 
3.4354354354354353 	 -0.424499125739608 	 0.732454202210242 	 2.0098478890617777 
3.4474474474474475 	 -0.42922470206097074 	 0.7277226559532224 	 2.0051097497875148 
3.4594594594594597 	 -0.4339502318617683 	 0.7229911563100266 	 2.0003716572292163 
3.4714714714714714 	 -0.4386757151397802 	 0.7182597032806548 	 1.9956336113868822 
3.4834834834834836 	 -0.44340115189722695 	 0.7135282968651069 	 1.990895612262733 
3.4954954954954953 	 -0.44812654213632896 	 0.7087969370611624 	 1.986157659847887 
3.5075075075075075 	 -0.4528518858548658 	 0.7040656238688214 	 1.9814197541490053 
3.5195195195195197 	 -0.45757718305727835 	 0.699334357283643 	 1.9766818951616472 
3.5315315315315314 	 -0.4623024337435666 	 0.6946031373100681 	 1.9719440828858126 
3.5435435435435436 	 -0.46702763791595103 	 0.6898719639414352 	 1.9672063173170606 
3.5555555555555554 	 -0.47175279557221117 	 0.6851408371821854 	 1.9624685984598322 
3.5675675675675675 	 -0.47647790671456747 	 0.6804097570256573 	 1.957730926307466 
3.5795795795795797 	 -0.4812029713474608 	 0.6756787234762918 	 1.952993300864403 
3.5915915915915915 	 -0.4859279894664503 	 0.6709477365296479 	 1.948255722126202 
3.6036036036036037 	 -0.4906529610759769 	 0.6662167961857257 	 1.9435181900928633 
3.6156156156156154 	 -0.4953778861760405 	 0.6614859024445252 	 1.9387807047621664 
3.6276276276276276 	 -0.5001027647688616 	 0.6567550553016055 	 1.9340432661341111 
3.6396396396396398 	 -0.5048275968544402 	 0.652024254759187 	 1.9293058742064773 
3.6516516516516515 	 -0.5095523824349968 	 0.6472935008128289 	 1.9245685289792647 
3.6636636636636637 	 -0.5142771215083108 	 0.6425627934691924 	 1.9198312304546938 
3.675675675675676 	 -0.5190018140788233 	 0.6378321327171754 	 1.9150939786261034 
3.6876876876876876 	 -0.5237264601487546 	 0.6331015185612188 	 1.9103567734957139 
3.6996996996997 	 -0.5284510597136638 	 0.628370950999102 	 1.9056196150613047 
3.7117117117117115 	 -0.5331756127779919 	 0.6236404300330456 	 1.900882503322876 
3.7237237237237237 	 -0.5379001193439592 	 0.6189099556563882 	 1.8961454382759868 
3.735735735735736 	 -0.5426245794093454 	 0.6141795278735707 	 1.891408419925078 
3.7477477477477477 	 -0.5473489929785913 	 0.6094491466779317 	 1.8866714482657088 
3.75975975975976 	 -0.5520733600494765 	 0.6047188120716918 	 1.8819345232956586 
3.7717717717717716 	 -0.5567976806242214 	 0.5999885240570713 	 1.8771976450193684 
3.7837837837837838 	 -0.561521954707267 	 0.5952582826251884 	 1.8724608134301768 
3.795795795795796 	 -0.5662461822941722 	 0.5905280877804842 	 1.8677240285280838 
3.8078078078078077 	 -0.5709703633915986 	 0.585797939520738 	 1.8629872903130895 
3.81981981981982 	 -0.5756944979951051 	 0.58106783784595 	 1.8582505987829734 
3.8318318318318316 	 -0.5804185861069122 	 0.5763377827538996 	 1.8535139539421763 
3.843843843843844 	 -0.5851426277292404 	 0.5716077742445869 	 1.8487773557818166 
3.855855855855856 	 -0.5898666228665306 	 0.5668778123135709 	 1.844040804301894 
3.8678678678678677 	 -0.5945905715121214 	 0.5621478969652927 	 1.8393042995090703 
3.87987987987988 	 -0.5993144736726741 	 0.5574180281930907 	 1.8345678413944633 
3.891891891891892 	 -0.6040383293504092 	 0.5526882059991856 	 1.8298314299602936 
3.903903903903904 	 -0.6087621385386655 	 0.5479584303835772 	 1.8250950652043407 
3.915915915915916 	 -0.6134859012463245 	 0.5432287013440451 	 1.8203587471266047 
3.9279279279279278 	 -0.6182096174733864 	 0.5384990188761485 	 1.8156224757248651 
3.93993993993994 	 -0.6229332872176307 	 0.5337693829821077 	 1.8108862509969015 
3.951951951951952 	 -0.6276569104834984 	 0.5290397936619229 	 1.8061500729449342 
3.963963963963964 	 -0.6323804872665484 	 0.5243102509133735 	 1.8014139415689634 
3.975975975975976 	 -0.6371040175734421 	 0.5195807547364595 	 1.796677856864548 
3.987987987987988 	 -0.6418275014041797 	 0.51485130512674 	 1.7919418188272473 
4.0 	 -0.6465509387565405 	 0.5101219020864356 	 1.787205827465943 
4.012012012012012 	 -0.651274329632745 	 0.5053925456155461 	 1.7824698827717533 
4.024024024024024 	 -0.6559976740372342 	 0.5006632357096308 	 1.7777339847446783 
4.036036036036036 	 -0.6607209719677876 	 0.4959339723686895 	 1.7729981333891587 
4.048048048048048 	 -0.665444223428846 	 0.4912047555905019 	 1.7682623286940924 
4.06006006006006 	 -0.6701674284137482 	 0.48647558537950886 	 1.7635265706683612 
4.072072072072072 	 -0.6748905869335964 	 0.48174646172682856 	 1.7587908593053037 
4.084084084084084 	 -0.6796136989839496 	 0.4770173846369019 	 1.7540551946049199 
4.096096096096096 	 -0.6843367645625875 	 0.47228835410750847 	 1.7493195765672098 
4.108108108108108 	 -0.6890597836761714 	 0.46755937013864823 	 1.7445840051921735 
4.12012012012012 	 -0.6937827563291421 	 0.46283043272365987 	 1.7398484804731496 
4.132132132132132 	 -0.6985056825103975 	 0.4581015418692047 	 1.7351130024167993 
4.1441441441441444 	 -0.7032285622310397 	 0.4533726975686214 	 1.7303775710164615 
4.156156156156156 	 -0.7079513954866279 	 0.4486438998263509 	 1.725642186276577 
4.168168168168168 	 -0.7126741822838234 	 0.44391514863351134 	 1.720906848188264 
4.18018018018018 	 -0.7173969226181853 	 0.4391864439967641 	 1.7161715567559632 
4.192192192192192 	 -0.7221196164919341 	 0.4344577859116683 	 1.711436311979675 
4.2042042042042045 	 -0.7268422639095107 	 0.4297291743782239 	 1.7067011138549582 
4.216216216216216 	 -0.7315648648686945 	 0.42500060939199 	 1.7019659623818129 
4.228228228228228 	 -0.7362874193694857 	 0.4202720909574076 	 1.697230857560239 
4.24024024024024 	 -0.7410099274163251 	 0.4155436190700357 	 1.6924957993857959 
4.252252252252252 	 -0.7457323890092127 	 0.41081519372765385 	 1.6877607878629242 
4.2642642642642645 	 -0.7504548041481485 	 0.40608681493248255 	 1.6830258229849626 
4.276276276276277 	 -0.7551771728353529 	 0.40135848268230134 	 1.6782909047563521 
4.288288288288288 	 -0.7598994950686055 	 0.39663019697488977 	 1.6735560331726518 
4.3003003003003 	 -0.7646217708545677 	 0.39190195781024784 	 1.6688212082316412 
4.312312312312312 	 -0.7693440001887986 	 0.38717376518837554 	 1.6640864299355407 
4.324324324324325 	 -0.7740661830757389 	 0.382445619104832 	 1.65935169828213 
4.336336336336337 	 -0.7787883195131684 	 0.3777175195640581 	 1.6546170132714089 
4.348348348348348 	 -0.7835104095077483 	 0.37298946655939247 	 1.6498823748989366 
4.36036036036036 	 -0.7882324530572582 	 0.3682614600930556 	 1.6451477831669337 
4.372372372372372 	 -0.7929544501594776 	 0.36353350016282704 	 1.6404132380731795 
4.384384384384385 	 -0.7976764008210679 	 0.35880558676648633 	 1.6356787396154537 
4.396396396396397 	 -0.8023983050375882 	 0.35407771990847436 	 1.6309442877959768 
4.408408408408408 	 -0.8071201628156999 	 0.34934989957990936 	 1.6262098826103077 
4.42042042042042 	 -0.8118419741509619 	 0.34462212578745266 	 1.621475524060667 
4.4324324324324325 	 -0.8165637390500358 	 0.3398943985222225 	 1.6167412121403935 
4.444444444444445 	 -0.8212854575107009 	 0.3351667177886597 	 1.6120069468561482 
4.456456456456457 	 -0.8260071295329574 	 0.3304390835845439 	 1.60727272820127 
4.468468468468468 	 -0.8307287551190257 	 0.325711495909875 	 1.6025385561779792 
4.48048048048048 	 -0.8354503342711261 	 0.32098395476021224 	 1.597804430781835 
4.4924924924924925 	 -0.8401718669892588 	 0.3162564601399964 	 1.593070352015058 
4.504504504504505 	 -0.8448933532734237 	 0.3115290120425662 	 1.5883363198754274 
4.516516516516517 	 -0.8496147931280618 	 0.3068016104701421 	 1.5836023343585026 
4.528528528528528 	 -0.8543361865509524 	 0.30207425541828314 	 1.5788683954687244 
4.54054054054054 	 -0.8590575335420958 	 0.29734694689143026 	 1.5741345032038723 
4.5525525525525525 	 -0.8637788341059327 	 0.29261968488514256 	 1.5694006575617259 
4.564564564564565 	 -0.8685000882424632 	 0.2878924693971996 	 1.5646668585400647 
4.576576576576577 	 -0.8732212959494667 	 0.2831653004298218 	 1.5599331061388888 
4.588588588588588 	 -0.8779424572358252 	 0.2784381779785683 	 1.5551994003581981 
4.6006006006006 	 -0.8826635720926568 	 0.2737111020456595 	 1.5504657411979927 
4.612612612612613 	 -0.8873846405288432 	 0.2689840726266546 	 1.5457321286516112 
4.624624624624625 	 -0.8921056625399437 	 0.2642570897259944 	 1.540998562725715 
4.636636636636637 	 -0.8968266381303991 	 0.25953015333701757 	 1.5362650434136427 
4.648648648648648 	 -0.9015475673002094 	 0.2548032634619446 	 1.5315315707176147 
4.66066066066066 	 -0.906268450051595 	 0.2500764200963346 	 1.5267981446331902 
4.672672672672673 	 -0.9109892863867763 	 0.24534962324240794 	 1.5220647651603691 
4.684684684684685 	 -0.9157100762968717 	 0.2406228729001647 	 1.5173314323035925 
4.696696696696697 	 -0.9204308197974242 	 0.23589616906294353 	 1.512598146051758 
4.708708708708708 	 -0.9251515168795521 	 0.2311695117351853 	 1.5078649064115268 
4.7207207207207205 	 -0.9298721675476962 	 0.22644290091466956 	 1.5031317133806787 
4.732732732732733 	 -0.934592771804077 	 0.2217163365991759 	 1.4983985669569932 
4.744744744744745 	 -0.939313329646474 	 0.21698981878648382 	 1.4936654671382499 
4.756756756756757 	 -0.9440338410771076 	 0.21226334748103426 	 1.488932413926669 
4.768768768768769 	 -0.9487543061004189 	 0.2075369226739454 	 1.48419940731781 
4.7807807807807805 	 -0.9534747247097464 	 0.20281054437187862 	 1.479466447313893 
4.792792792792793 	 -0.9581950969139719 	 0.19808421256817255 	 1.4747335339104772 
4.804804804804805 	 -0.9629154227130954 	 0.1933579272628272 	 1.4700006671053423 
4.816816816816817 	 -0.9676357021004556 	 0.188631688458063 	 1.4652678469051494 
4.828828828828829 	 -0.9723559350849342 	 0.18390549614943907 	 1.4605350733032374 
4.8408408408408405 	 -0.9770761216665313 	 0.17917935033695542 	 1.4558023462996061 
4.852852852852853 	 -0.9817962618452469 	 0.17445325102061204 	 1.4510696658898148 
4.864864864864865 	 -0.986516355621081 	 0.16972719819596804 	 1.4463370320783042 
4.876876876876877 	 -0.9912364029962539 	 0.16500119186746431 	 1.4416044448606335 
4.888888888888889 	 -0.9959564039707658 	 0.16027523202843952 	 1.4368719042390232 
4.900900900900901 	 -1.000676358546837 	 0.15554931868333455 	 1.4321394102090323 
4.912912912912913 	 -1.0053962667244676 	 0.1508234518277085 	 1.427406962770661 
4.924924924924925 	 -1.010116128505878 	 0.14609763145934096 	 1.422674561923909 
4.936936936936937 	 -1.0148359438888477 	 0.14137185758045234 	 1.417942207666556 
4.948948948948949 	 -1.0195557128778177 	 0.13664613019104266 	 1.4132099000008225 
4.960960960960961 	 -1.0242754354772288 	 0.13192044928223012 	 1.4084776389178266 
4.972972972972973 	 -1.0289951116804197 	 0.12719481486067608 	 1.4037454244220093 
4.984984984984985 	 -1.0337147414918313 	 0.12246922692416007 	 1.3990132565133706 
4.996996996996997 	 -1.0384343249114636 	 0.11774368546824121 	 1.39428113518969 
5.009009009009009 	 -1.0431538619437575 	 0.11301819049513995 	 1.389549060448747 
5.021021021021021 	 -1.047873352584272 	 0.10829274200485628 	 1.3848170322927622 
5.033033033033033 	 -1.0525927968418891 	 0.10356733999072887 	 1.3800850507150741 
5.045045045045045 	 -1.0573121947077269 	 0.09884198445941905 	 1.3753531157201238 
5.057057057057057 	 -1.062031546190667 	 0.09411667540426549 	 1.3706212273034701 
5.069069069069069 	 -1.066750851286269 	 0.08939141282526819 	 1.3658893854673337 
5.081081081081081 	 -1.0714701100011936 	 0.08466619672242715 	 1.3611575902072737 
5.093093093093093 	 -1.0761893223332208 	 0.07994102709352191 	 1.35642584152329 
5.105105105105105 	 -1.0809084882823505 	 0.07521590394077293 	 1.3516941394153825 
5.117117117117117 	 -1.0856276078530236 	 0.07049082725751887 	 1.3469624838791106 
5.129129129129129 	 -1.0903466810430196 	 0.06576579704598018 	 1.3422308749166945 
5.141141141141141 	 -1.095065707854559 	 0.06104081330615685 	 1.3374993125303547 
5.153153153153153 	 -1.0997846882876416 	 0.05631587603582844 	 1.3327677967112095 
5.165165165165165 	 -1.1045036223467086 	 0.0515909852327745 	 1.3280363274636997 
5.177177177177177 	 -1.109222510027319 	 0.04686614089921548 	 1.3233049047878254 
5.1891891891891895 	 -1.1139413513383545 	 0.04214134303071049 	 1.3185735286747047 
5.201201201201201 	 -1.1186601462731538 	 0.03741659162725952 	 1.313842199130999 
5.213213213213213 	 -1.1233788948339374 	 0.03269188668886258 	 1.3091109161567083 
5.225225225225225 	 -1.1280975970273666 	 0.027967228211078776 	 1.3043796797429508 
5.237237237237237 	 -1.13281625284678 	 0.023242616200569444 	 1.2996484898963878 
5.2492492492492495 	 -1.137534862298839 	 0.0185180506484528 	 1.294917346610358 
5.261261261261262 	 -1.1422534253835437 	 0.01379353155694929 	 1.290186249887082 
5.273273273273273 	 -1.1469719420986735 	 0.009069058923838469 	 1.285455199724339 
5.285285285285285 	 -1.1516904124486693 	 0.004344632751340782 	 1.2807241961243498 
5.297297297297297 	 -1.1564088364357517 	 -0.0003797469672051079 	 1.2759932390782325 
5.3093093093093096 	 -1.1611272140554796 	 -0.00510408022735831 	 1.2712623285926483 
5.321321321321322 	 -1.1658455453145145 	 -0.009828367033559715 	 1.2665314646631565 
5.333333333333333 	 -1.1705638302106358 	 -0.014552607383588878 	 1.261800647289757 
5.345345345345345 	 -1.1752820687460641 	 -0.019276801284107137 	 1.2570698764724497 
5.357357357357357 	 -1.1800002609207993 	 -0.0240009487306736 	 1.252339152206794 
5.36936936936937 	 -1.184718406737062 	 -0.02872504972550871 	 1.24760847449501 
5.381381381381382 	 -1.189436506194852 	 -0.03344910427083292 	 1.2428778433348775 
5.393393393393393 	 -1.1941545592963898 	 -0.03817311236886667 	 1.238147258724176 
5.405405405405405 	 -1.198872566039455 	 -0.04289707401516907 	 1.2334167206651259 
5.4174174174174174 	 -1.203590526430709 	 -0.047620989216401455 	 1.2286862291532863 
5.42942942942943 	 -1.2083084404701516 	 -0.052344857974784276 	 1.2239557841864368 
5.441441441441442 	 -1.2130263081533421 	 -0.05706868028587664 	 1.2192253857690183 
5.453453453453453 	 -1.2177441294869418 	 -0.061792456154119435 	 1.2144950338965899 
5.465465465465465 	 -1.2224619044665097 	 -0.06651618557729222 	 1.2097647285691515 
5.4774774774774775 	 -1.2271796330987073 	 -0.07123986856205633 	 1.2050344697844828 
5.48948948948949 	 -1.2318973153835344 	 -0.07596350510397087 	 1.2003042575425837 
5.501501501501502 	 -1.2366149513187707 	 -0.08068709520747674 	 1.1955740918390134 
5.513513513513513 	 -1.2413325409066367 	 -0.0854106388703535 	 1.1908439726804332 
5.525525525525525 	 -1.2460500841515731 	 -0.09013413609926246 	 1.1861139000579612 
5.5375375375375375 	 -1.2507675810469188 	 -0.09485758688532187 	 1.1813838739760385 
5.54954954954955 	 -1.2554850316037758 	 -0.09958099124185438 	 1.1766538944280036 
5.561561561561562 	 -1.2602024358154829 	 -0.10430434915997822 	 1.1719239614182975 
5.573573573573573 	 -1.2649197936864809 	 -0.10902766064635472 	 1.1671940749446996 
5.585585585585585 	 -1.2696371052189903 	 -0.11375092570098388 	 1.1624642350027692 
5.597597597597598 	 -1.2743543704085702 	 -0.11847414432386572 	 1.1577344415947266 
5.60960960960961 	 -1.279071589261882 	 -0.12319731651500021 	 1.1530046947205719 
5.621621621621622 	 -1.2837887617789256 	 -0.12792044227882826 	 1.1482749943736437 
5.633633633633633 	 -1.2885058879574807 	 -0.13264352161312942 	 1.1435453405606033 
5.645645645645645 	 -1.2932229677997675 	 -0.13736655452012414 	 1.1388157332747895 
5.657657657657658 	 -1.2979400013102271 	 -0.1420895409998124 	 1.1340861725162021 
5.66966966966967 	 -1.3026569884844186 	 -0.1468124810544147 	 1.1293566582870618 
5.681681681681682 	 -1.3073739293267828 	 -0.15153537468393097 	 1.124627190580707 
5.693693693693693 	 -1.3120908238417606 	 -0.15625822189280214 	 1.1198977693993584 
5.7057057057057055 	 -1.3168076720226907 	 -0.16098102267880776 	 1.1151683947452362 
5.717717717717718 	 -1.3215244738762344 	 -0.16570377704416828 	 1.1104390666094588 
5.72972972972973 	 -1.3262412294001713 	 -0.17042648498666324 	 1.1057097849986874 
5.741741741741742 	 -1.3309579385967218 	 -0.17514914651073354 	 1.1009805499084813 
5.753753753753754 	 -1.335674601470327 	 -0.17987176161859963 	 1.0962513613366198 
5.7657657657657655 	 -1.3403912180165456 	 -0.1845943303102615 	 1.0915222192831031 
5.777777777777778 	 -1.3451077882375984 	 -0.18931685258127828 	 1.0867931237479311 
5.78978978978979 	 -1.349824312137926 	 -0.19403932844275218 	 1.082064074726663 
5.801801801801802 	 -1.3545407897153083 	 -0.19876175788580142 	 1.07733507222596 
5.813813813813814 	 -1.3592572209719656 	 -0.20348414091930778 	 1.07260611623472 
5.8258258258258255 	 -1.3639736059078977 	 -0.20820647753883037 	 1.0678772067618247 
5.837837837837838 	 -1.3686899445253253 	 -0.2129287677488101 	 1.0631483437983924 
5.84984984984985 	 -1.3734062368242483 	 -0.21765101154702649 	 1.0584195273466435 
5.861861861861862 	 -1.3781224828068872 	 -0.22237320893792045 	 1.053690757406578 
5.873873873873874 	 -1.382838682473242 	 -0.227095359921492 	 1.0489620339737549 
5.885885885885886 	 -1.387554835825533 	 -0.23181746449552065 	 1.0442333570503948 
5.897897897897898 	 -1.3922709428637603 	 -0.23653952266666778 	 1.0395047266342772 
5.90990990990991 	 -1.396987003587924 	 -0.24126153443271292 	 1.034776142725402 
5.921921921921922 	 -1.4017030180024648 	 -0.24598349979365608 	 1.0300476053193286 
5.933933933933934 	 -1.406418986102942 	 -0.2507054187517177 	 1.025319114422718 
5.945945945945946 	 -1.4111349078960167 	 -0.2554272913113387 	 1.0205906700244682 
5.957957957957958 	 -1.4158507833816891 	 -0.26014911746585767 	 1.01586227212902 
5.96996996996997 	 -1.4205666125577388 	 -0.26487089722415647 	 1.011133920734153 
5.981981981981982 	 -1.4252823954286065 	 -0.2695926305840146 	 1.0064056158420875 
5.993993993993994 	 -1.4299981319920718 	 -0.27431431754321167 	 1.0016773574461624 
6.006006006006006 	 -1.4347138222503553 	 -0.27903595810618853 	 0.9969491455508184 
6.018018018018018 	 -1.4394294662056772 	 -0.28375755227516564 	 0.9922209801538351 
6.03003003003003 	 -1.4441450638580378 	 -0.288479100050143 	 0.9874928612507716 
6.042042042042042 	 -1.4488606152118777 	 -0.29320060143334103 	 0.9827647888394075 
6.054054054054054 	 -1.4535761202649766 	 -0.2979220564203189 	 0.9780367629241837 
6.066066066066066 	 -1.458291579015114 	 -0.30264346501773787 	 0.9733087835051002 
6.078078078078078 	 -1.4630069914689514 	 -0.307364827225598 	 0.9685808505732751 
6.09009009009009 	 -1.4677223576242682 	 -0.3120861430416788 	 0.9638529641353699 
6.102102102102102 	 -1.4724376774832848 	 -0.3168074124704212 	 0.9591251241869436 
6.114114114114114 	 -1.4771529510482218 	 -0.3215286355118252 	 0.9543973307279963 
6.126126126126126 	 -1.481868178319079 	 -0.32624981217033167 	 0.9496695837518665 
6.138138138138138 	 -1.4865833592936362 	 -0.33097094243927927 	 0.9449418832674361 
6.15015015015015 	 -1.4912984939785545 	 -0.33569202632532935 	 0.9402142292680438 
6.162162162162162 	 -1.4960135823693932 	 -0.3404130638284819 	 0.9354866217536895 
6.1741741741741745 	 -1.500728624475034 	 -0.34513405494873695 	 0.9307590607199323 
6.186186186186186 	 -1.505443620286595 	 -0.34985499969053535 	 0.9260315461712132 
6.198198198198198 	 -1.5101585698129583 	 -0.35457589804943623 	 0.9213040781030912 
6.21021021021021 	 -1.5148734730496827 	 -0.3592967500298805 	 0.9165766565177869 
6.222222222222222 	 -1.5195883300012092 	 -0.3640175556318681 	 0.9118492814108592 
6.2342342342342345 	 -1.5243031406697582 	 -0.36873831485984 	 0.9071219527800878 
6.246246246246246 	 -1.529017905050889 	 -0.37345902770935524 	 0.9023946706276931 
6.258258258258258 	 -1.5337326231512627 	 -0.3781796941826343 	 0.8976674349536751 
6.27027027027027 	 -1.5384472949664385 	 -0.3829003142841181 	 0.8929402457535929 
6.282282282282282 	 -1.5431619205030778 	 -0.3876208880115861 	 0.8882131030296669 
6.2942942942942945 	 -1.54787649975896 	 -0.3923414153650384 	 0.8834860067774564 
6.306306306306307 	 -1.5525910327363057 	 -0.3970618963511363 	 0.8787589569969612 
6.318318318318318 	 -1.5573055194351149 	 -0.4017823309654389 	 0.8740319536904018 
6.33033033033033 	 -1.5620199598576079 	 -0.4065027192123871 	 0.8693049968511168 
6.342342342342342 	 -1.5667343540037848 	 -0.4112230610919809 	 0.8645780864813268 
6.354354354354355 	 -1.571448701875866 	 -0.4159433566042203 	 0.8598512225810317 
6.366366366366367 	 -1.5761630034716312 	 -0.42066360574910533 	 0.8551244051480111 
6.378378378378378 	 -1.580877258795521 	 -0.4253838085288564 	 0.850397634182265 
6.39039039039039 	 -1.5855914678497562 	 -0.43010396494791436 	 0.8456709096793524 
6.402402402402402 	 -1.5903056306321162 	 -0.43482407500405884 	 0.8409442316414939 
6.414414414414415 	 -1.5950197471448213 	 -0.4395441386972898 	 0.836217600066469 
6.426426426426427 	 -1.5997338173856512 	 -0.44426415602760727 	 0.8314910149542776 
6.438438438438438 	 -1.6044478413612673 	 -0.44898412700167256 	 0.8267644763026993 
6.45045045045045 	 -1.6091618190716694 	 -0.45370405161726524 	 0.8220379841095138 
6.4624624624624625 	 -1.6138757505124168 	 -0.45842392987216485 	 0.8173115383769414 
6.474474474474475 	 -1.6185896356923912 	 -0.46314376177303274 	 0.8125851391027616 
6.486486486486487 	 -1.6233034746071517 	 -0.4678635473198689 	 0.8078587862825337 
6.498498498498498 	 -1.6280172672589188 	 -0.4725832865104529 	 0.8031324799229189 
6.51051051051051 	 -1.632731013649913 	 -0.47730297934700516 	 0.798406220012815 
6.5225225225225225 	 -1.637444713780134 	 -0.48202262583174615 	 0.7936800065611038 
6.534534534534535 	 -1.6421583676495821 	 -0.48674222596467587 	 0.788953839561124 
6.546546546546547 	 -1.6468719752604777 	 -0.49146177974801475 	 0.784227719010655 
6.558558558558558 	 -1.6515855366150411 	 -0.4961812871817628 	 0.7795016449141379 
6.57057057057057 	 -1.6562990517132725 	 -0.5009007482681405 	 0.7747756172626907 
6.5825825825825826 	 -1.6610125205551718 	 -0.5056201630071477 	 0.7700496360629749 
6.594594594594595 	 -1.6657259431429594 	 -0.5103395313965642 	 0.76532370131277 
6.606606606606607 	 -1.6704393194766354 	 -0.5150588534430511 	 0.7605978130076352 
6.618618618618618 	 -1.6751526495584201 	 -0.5197781291466086 	 0.7558719711475703 
6.63063063063063 	 -1.6798659333905341 	 -0.5244973585072366 	 0.751146175730355 
6.642642642642643 	 -1.684579170970757 	 -0.5292165415227146 	 0.7464204267582097 
6.654654654654655 	 -1.689292362301309 	 -0.533935678199704 	 0.741694724228914 
6.666666666666667 	 -1.6940055073821902 	 -0.5386547685337639 	 0.7369690681446883 
6.678678678678678 	 -1.698718606220062 	 -0.5433738125337761 	 0.7322434584944304 
6.6906906906906904 	 -1.7034316588060427 	 -0.5480928101908589 	 0.727517895287022 
6.702702702702703 	 -1.7081446651512344 	 -0.5528117615138939 	 0.7227923785158019 
6.714714714714715 	 -1.7128576252511962 	 -0.5575306664984403 	 0.7180669081852109 
6.726726726726727 	 -1.7175705391059282 	 -0.5622495251467186 	 0.7133414842908081 
6.738738738738738 	 -1.7222834067198711 	 -0.56696833746539 	 0.7086161068281527 
6.7507507507507505 	 -1.7269962280952456 	 -0.5716871034500137 	 0.7038907758016855 
6.762762762762763 	 -1.7317090032253901 	 -0.5764058231005897 	 0.6991654912114065 
6.774774774774775 	 -1.7364217321191866 	 -0.581124496421559 	 0.6944402530484339 
6.786786786786787 	 -1.741134414776635 	 -0.5858431234151418 	 0.6897150613194292 
6.798798798798799 	 -1.7458470511932944 	 -0.5905617040746769 	 0.6849899160221717 
6.8108108108108105 	 -1.7505596413758262 	 -0.5952802384112665 	 0.6802648171500003 
6.822822822822823 	 -1.75527218532201 	 -0.5999987264182494 	 0.6755397647095762 
6.834834834834835 	 -1.7599846830385069 	 -0.6047171681022867 	 0.6708147586920177 
6.846846846846847 	 -1.7646971345164353 	 -0.6094355634567172 	 0.6660897991062065 
6.858858858858859 	 -1.769409539764677 	 -0.6141539124926432 	 0.6613648859410404 
6.870870870870871 	 -1.774121898783232 	 -0.6188722152034032 	 0.6566400192009603 
6.882882882882883 	 -1.7788342115698796 	 -0.6235904715912177 	 0.6519151988837457 
6.894894894894895 	 -1.783546478129061 	 -0.6283086816605277 	 0.6471904249893967 
6.906906906906907 	 -1.7882586984585558 	 -0.6330268454091126 	 0.6424656975156928 
6.918918918918919 	 -1.7929708725628046 	 -0.6377449628391929 	 0.637741016462634 
6.930930930930931 	 -1.7976830004395872 	 -0.6424630339507686 	 0.6330163818279999 
6.942942942942943 	 -1.8023950820933443 	 -0.6471810587482807 	 0.62829179360957 
6.954954954954955 	 -1.8071071175218556 	 -0.6518990372295086 	 0.6235672518117852 
6.966966966966967 	 -1.811819106729562 	 -0.6566169693944524 	 0.6188427564257637 
6.978978978978979 	 -1.8165310497142428 	 -0.6613348552475529 	 0.6141183074559464 
6.990990990990991 	 -1.8212429464781188 	 -0.6660526947888101 	 0.6093939049001129 
7.003003003003003 	 -1.8259547970234102 	 -0.6707704880160037 	 0.6046695487582632 
7.015015015015015 	 -1.8306666013478967 	 -0.6754882349357949 	 0.5999452390259563 
7.027027027027027 	 -1.8353783594560191 	 -0.6802059355437429 	 0.5952209757054128 
7.039039039039039 	 -1.8400900713477775 	 -0.6849235898465089 	 0.5904967587944121 
7.051051051051051 	 -1.8448017370231717 	 -0.6896411978374317 	 0.5857725882929543 
7.063063063063063 	 -1.8495133564844224 	 -0.694358759525393 	 0.5810484641965985 
7.075075075075075 	 -1.8542249297315294 	 -0.6990762749081725 	 0.5763243865097856 
7.087087087087087 	 -1.8589364567667133 	 -0.70379374398577 	 0.5716003552258542 
7.099099099099099 	 -1.863647937589974 	 -0.708511166760406 	 0.5668763703470248 
7.111111111111111 	 -1.8683593722035319 	 -0.7132285432320806 	 0.5621524318732973 
7.123123123123123 	 -1.873070760607387 	 -0.7179458734030142 	 0.557428539800231 
7.135135135135135 	 -1.8777821028015396 	 -0.7226631572732067 	 0.5527046941322666 
7.147147147147147 	 -1.8824933987904302 	 -0.7273803948448787 	 0.5479808948605225 
7.1591591591591595 	 -1.8872046485718386 	 -0.7320975861180301 	 0.5432571419894394 
7.171171171171171 	 -1.8919158521457646 	 -0.7368147310948814 	 0.538533435516797 
7.183183183183183 	 -1.8966270095166493 	 -0.7415318297732121 	 0.5338097754425952 
7.195195195195195 	 -1.901338120686713 	 -0.7462488821596835 	 0.5290861617623932 
7.207207207207207 	 -1.9060491856537354 	 -0.7509658882542958 	 0.5243625944761909 
7.2192192192192195 	 -1.9107602044154959 	 -0.7556828480503874 	 0.5196390735906498 
7.231231231231231 	 -1.9154711769786559 	 -0.7603997615568403 	 0.514915599092447 
7.243243243243243 	 -1.9201821033454358 	 -0.7651166287736544 	 0.510192170988244 
7.255255255255255 	 -1.9248929835113948 	 -0.7698334496986092 	 0.5054687892758203 
7.267267267267267 	 -1.9296038174809738 	 -0.7745502243339253 	 0.5007454539529554 
7.2792792792792795 	 -1.9343146052519522 	 -0.779266952681823 	 0.4960221650218699 
7.291291291291292 	 -1.9390253468309915 	 -0.7839836347445228 	 0.49129892247590234 
7.303303303303303 	 -1.9437360422158712 	 -0.7887002705220247 	 0.48657572631505275 
7.315315315315315 	 -1.9484466914043708 	 -0.7934168600098879 	 0.48185257654598246 
7.327327327327327 	 -1.9531572944031517 	 -0.7981334032192144 	 0.47712947315758925 
7.33933933933934 	 -1.9578678512099934 	 -0.8028499001433431 	 0.472406416154314 
7.351351351351352 	 -1.962578361824896 	 -0.8075663507844943 	 0.4676834055361567 
7.363363363363363 	 -1.9672888262545207 	 -0.8122827551493295 	 0.4629604412964561 
7.375375375375375 	 -1.9719992444944268 	 -0.8169991132311871 	 0.45823752343965296 
7.387387387387387 	 -1.9767096165468345 	 -0.8217154250345082 	 0.45351465196130647 
7.3993993993994 	 -1.9814199424139645 	 -0.8264316905615132 	 0.4487918268614166 
7.411411411411412 	 -1.9861302220958166 	 -0.8311479098099817 	 0.4440690481422038 
7.423423423423423 	 -1.9908404555946113 	 -0.8358640827843544 	 0.4393463157992272 
7.435435435435435 	 -1.9955506429081282 	 -0.8405802094846315 	 0.43462362983026637 
7.4474474474474475 	 -2.0002607840430287 	 -0.8452962899085925 	 0.4299009902375417 
7.45945945945946 	 -2.0049708789948717 	 -0.8500123240628987 	 0.4251783970166123 
7.471471471471472 	 -2.009680927765878 	 -0.8547283119431093 	 0.4204558501719191 
7.483483483483483 	 -2.014390930360488 	 -0.8594442535558855 	 0.4157333496945803 
7.495495495495495 	 -2.0191008867764815 	 -0.8641601488990069 	 0.41101089559125725 
7.5075075075075075 	 -2.0238107970138586 	 -0.8688759979702532 	 0.40628848785750904 
7.51951951951952 	 -2.02852066107706 	 -0.8735918007762855 	 0.4015661264911152 
7.531531531531532 	 -2.033230478966086 	 -0.878307557317104 	 0.3968438114920758 
7.543543543543543 	 -2.037940250678716 	 -0.8830232675882677 	 0.3921215428603908 
7.555555555555555 	 -2.0426499762193906 	 -0.8877389315986584 	 0.38739932059383975 
7.5675675675675675 	 -2.0473596555903306 	 -0.8924545493460556 	 0.38267714469242264 
7.57957957957958 	 -2.0520692887893155 	 -0.8971701208304594 	 0.37795501515391905 
7.591591591591592 	 -2.0567788758185657 	 -0.9018856460518698 	 0.37323293197832896 
7.603603603603603 	 -2.0614884166803016 	 -0.9066011250147277 	 0.36851089516343194 
7.615615615615615 	 -2.066197911372303 	 -0.9113165577168125 	 0.363788904709228 
7.627627627627628 	 -2.07090735989901 	 -0.9160319441625653 	 0.3590669606157171 
7.63963963963964 	 -2.0756167622582034 	 -0.9207472843497655 	 0.3543450628806788 
7.651651651651652 	 -2.080326118454323 	 -0.925462578282854 	 0.34962321149967224 
7.663663663663663 	 -2.08503542848959 	 -0.9301778259596105 	 0.3449014064771383 
7.675675675675675 	 -2.0897446923573426 	 -0.9348930273800349 	 0.3401796478108565 
7.687687687687688 	 -2.0944539100664628 	 -0.939608182548568 	 0.3354579354986065 
7.6996996996997 	 -2.09916308161473 	 -0.9443232914674304 	 0.33073626953594726 
7.711711711711712 	 -2.1038722070021443 	 -0.9490383541321812 	 0.3260146499295402 
7.723723723723723 	 -2.1085812862331466 	 -0.9537533705494816 	 0.321293076672724 
7.7357357357357355 	 -2.113290319307737 	 -0.9584683407171113 	 0.3165715497654986 
7.747747747747748 	 -2.117999306221474 	 -0.9631832646350702 	 0.3118500692100845 
7.75975975975976 	 -2.1227082469832403 	 -0.9678981423077992 	 0.30712863499982035 
7.771771771771772 	 -2.1274171415885945 	 -0.9726129737308575 	 0.30240724714136746 
7.783783783783784 	 -2.1321259900419776 	 -0.9773277589131268 	 0.2976859056236236 
7.7957957957957955 	 -2.1368347923433895 	 -0.9820424978501663 	 0.2929646104532502 
7.807807807807808 	 -2.14154354849061 	 -0.9867571905441963 	 0.28824336162802666 
7.81981981981982 	 -2.1462522584903 	 -0.9914718369974374 	 0.2835221591435122 
7.831831831831832 	 -2.1509609223424597 	 -0.9961864372098894 	 0.2788010029997068 
7.843843843843844 	 -2.1556695400426484 	 -1.0009009911815525 	 0.2740798932010513 
7.8558558558558556 	 -2.1603781115975274 	 -1.005615498914647 	 0.269358829738664 
7.867867867867868 	 -2.1650866370026556 	 -1.0103299604091731 	 0.26463781261920616 
7.87987987987988 	 -2.1697951162646945 	 -1.015044375667351 	 0.2599168418360165 
7.891891891891892 	 -2.174503549383644 	 -1.019758744689181 	 0.255195917389095 
7.903903903903904 	 -2.179211936359504 	 -1.0244730674768832 	 0.2504750392784416 
7.915915915915916 	 -2.183920277192275 	 -1.0291873440304578 	 0.24575420750183596 
7.927927927927928 	 -2.188628571884177 	 -1.0339015743521252 	 0.24103342205927802 
7.93993993993994 	 -2.19333682043521 	 -1.0386157584418854 	 0.23631268294854735 
7.951951951951952 	 -2.198045022849815 	 -1.0433298963019588 	 0.23159199016964394 
7.963963963963964 	 -2.202753179123551 	 -1.0480439879323455 	 0.2268713437225678 
7.975975975975976 	 -2.2074612892586387 	 -1.052758033330825 	 0.2221507436073189 
7.987987987987988 	 -2.2121693532617392 	 -1.0574720325040587 	 0.21743018981723594 
8.0 	 -2.2168773711261913 	 -1.0621859854498261 	 0.2127096823567598 
8.012012012012011 	 -2.2215853428608767 	 -1.066899892172568 	 0.20798922122144958 
8.024024024024024 	 -2.2262932684613546 	 -1.0716137526700642 	 0.2032688064113053 
8.036036036036036 	 -2.231001147927625 	 -1.076327566944535 	 0.19854843792854737 
8.048048048048049 	 -2.2357089812641284 	 -1.0810413349937598 	 0.19382811576651449 
8.06006006006006 	 -2.2404167684708653 	 -1.0857550568244 	 0.18910783992964753 
8.072072072072071 	 -2.2451245095478356 	 -1.090468732432015 	 0.1843876104135056 
8.084084084084084 	 -2.2498322044972596 	 -1.0951823618210454 	 0.17966742721586826 
8.096096096096096 	 -2.254539853321358 	 -1.0998959449937118 	 0.17494729033895595 
8.108108108108109 	 -2.2592474560156894 	 -1.1046094819455732 	 0.17022719978054823 
8.12012012012012 	 -2.263955012589136 	 -1.109322972683291 	 0.16550715553842466 
8.132132132132131 	 -2.2686625230350366 	 -1.1140364172046446 	 0.1607871576170261 
8.144144144144144 	 -2.2733699873622726 	 -1.1187498155140752 	 0.15606720600525037 
8.156156156156156 	 -2.2780774055664033 	 -1.123463167609362 	 0.15134730070975877 
8.168168168168169 	 -2.282784777649649 	 -1.1281764734905053 	 0.14662744172833087 
8.18018018018018 	 -2.28749210361201 	 -1.1328897331619459 	 0.14190762906096666 
8.192192192192191 	 -2.292199383457927 	 -1.1376029466214632 	 0.1371878627010048 
8.204204204204204 	 -2.296906617182959 	 -1.1423161138712778 	 0.13246814265510665 
8.216216216216216 	 -2.301613804791547 	 -1.1470292349158306 	 0.12774846891661085 
8.228228228228229 	 -2.3063209462859113 	 -1.1517423097529011 	 0.1230288414855174 
8.24024024024024 	 -2.3110280416660522 	 -1.1564553383824894 	 0.11830926036182632 
8.252252252252251 	 -2.3157350909319696 	 -1.1611683208068158 	 0.11358972554553759 
8.264264264264265 	 -2.3204420940836634 	 -1.1658812570258803 	 0.10887023703665122 
8.276276276276276 	 -2.3251490511255746 	 -1.1705941470463443 	 0.10415079482628542 
8.288288288288289 	 -2.329855962057703 	 -1.1753069908615466 	 0.09943139892332198 
8.3003003003003 	 -2.334562826880049 	 -1.1800197884781483 	 0.09471204931887911 
8.312312312312311 	 -2.3392696455903916 	 -1.1847325398894881 	 0.08999274601961815 
8.324324324324325 	 -2.343976418197613 	 -1.1894452451066684 	 0.08527348901665732 
8.336336336336336 	 -2.3486831446972722 	 -1.1941579041230277 	 0.08055427831443751 
8.348348348348349 	 -2.3533898250893692 	 -1.1988705169452274 	 0.07583511391073827 
8.36036036036036 	 -2.3580964593805653 	 -1.203583083571047 	 0.07111599580111871 
8.372372372372372 	 -2.3628030475641992 	 -1.2082956039982662 	 0.06639692399001973 
8.384384384384385 	 -2.3675095896469323 	 -1.2130080782357666 	 0.061677898473000425 
8.396396396396396 	 -2.3722160856287644 	 -1.217720506276887 	 0.05695891925228125 
8.408408408408409 	 -2.3769225355096957 	 -1.2224328881282887 	 0.05223998632120086 
8.42042042042042 	 -2.381628939289726 	 -1.2271452237877511 	 0.04752109968420015 
8.432432432432432 	 -2.386335296975517 	 -1.2318575132597154 	 0.04280225933461779 
8.444444444444445 	 -2.3910416085581865 	 -1.2365697565397404 	 0.0380834652791151 
8.456456456456456 	 -2.3957478740510574 	 -1.2412819536367081 	 0.033364717508810315 
8.468468468468469 	 -2.4004540934430274 	 -1.2459941045417366 	 0.028646016030364763 
8.48048048048048 	 -2.405160266745199 	 -1.2507062092659282 	 0.02392736083489666 
8.492492492492492 	 -2.40986639395091 	 -1.255418267800401 	 0.0192087519268469 
8.504504504504505 	 -2.4145724750646025 	 -1.260130280154037 	 0.014490189301774592 
8.516516516516516 	 -2.419278510088496 	 -1.2648422463246156 	 0.00977167296190018 
8.528528528528529 	 -2.4239844990203707 	 -1.2695541663121368 	 0.005053202905003218 
8.54054054054054 	 -2.428690441864667 	 -1.2742660401210415 	 0.00033477912886326067 
8.552552552552553 	 -2.433396338619165 	 -1.2789778677491093 	 -0.004383598366519692 
8.564564564564565 	 -2.4381021892860844 	 -1.2836896491985605 	 -0.00910192958114564 
8.576576576576576 	 -2.4428079938698666 	 -1.2884013844716158 	 -0.013820214519455476 
8.588588588588589 	 -2.4475137523660706 	 -1.293113073568275 	 -0.018538453179228753 
8.6006006006006 	 -2.4522194647791373 	 -1.2978247164863177 	 -0.023256645560465472 
8.612612612612613 	 -2.4569251311090667 	 -1.3025363132324053 	 -0.02797479166982697 
8.624624624624625 	 -2.461630751355859 	 -1.3072478638043172 	 -0.03269289150065191 
8.636636636636636 	 -2.4663363255239545 	 -1.311959368204274 	 -0.037410945061822076 
8.64864864864865 	 -2.471041853608913 	 -1.3166708264322757 	 -0.042128952348896576 
8.66066066066066 	 -2.475747335615175 	 -1.3213822384905427 	 -0.0468469133663163 
8.672672672672673 	 -2.480452771544961 	 -1.3260936043768545 	 -0.05156482810964036 
8.684684684684685 	 -2.4851581613960505 	 -1.3308049240978725 	 -0.056282696587750536 
8.696696696696696 	 -2.489863505175105 	 -1.3355161976513763 	 -0.06100051879620594 
8.70870870870871 	 -2.4945688028732427 	 -1.3402274250351454 	 -0.06571829473500657 
8.72072072072072 	 -2.4992740545015657 	 -1.3449386062580615 	 -0.07043602441081376 
8.732732732732734 	 -2.503979260055633 	 -1.3496497413134634 	 -0.07515370781918662 
8.744744744744745 	 -2.5086844195376656 	 -1.354360830205792 	 -0.0798713449623456 
8.756756756756756 	 -2.5133895329498834 	 -1.3590718729372675 	 -0.0845889358447316 
8.76876876876877 	 -2.518094600290066 	 -1.3637828695078902 	 -0.08930648046412415 
8.78078078078078 	 -2.522799621564875 	 -1.36849381991766 	 -0.09402397882274371 
8.792792792792794 	 -2.527504596767649 	 -1.3732047241665768 	 -0.09874143091836984 
8.804804804804805 	 -2.532209525905049 	 -1.3779155822590816 	 -0.10345883675766387 
8.816816816816816 	 -2.536914408979296 	 -1.3826263941951744 	 -0.10817619634062581 
8.82882882882883 	 -2.541619245985949 	 -1.3873371599704143 	 -0.11289350966281475 
8.84084084084084 	 -2.546324036929448 	 -1.392047879593683 	 -0.11761077673089204 
8.852852852852854 	 -2.5510287818097943 	 -1.3967585530649806 	 -0.12232799754263723 
8.864864864864865 	 -2.555733480626987 	 -1.4014691803798662 	 -0.12704517210027078 
8.876876876876876 	 -2.560438133387688 	 -1.4061797615450011 	 -0.13176230040823356 
8.88888888888889 	 -2.565142740083015 	 -1.4108902965559444 	 -0.1364793824576438 
8.9009009009009 	 -2.5698473007240707 	 -1.4156007854193575 	 -0.14119641826182416 
8.912912912912914 	 -2.5745518153086344 	 -1.4203112281352404 	 -0.14591340781633377 
8.924924924924925 	 -2.5792562838322652 	 -1.425021624699152 	 -0.15063035111895218 
8.936936936936936 	 -2.5839607063016246 	 -1.429731975117754 	 -0.15534724817412027 
8.94894894894895 	 -2.5886650827167124 	 -1.434442279391046 	 -0.1600640989840585 
8.96096096096096 	 -2.5933694130775287 	 -1.439152537516808 	 -0.16478090354432595 
8.972972972972974 	 -2.598073697386294 	 -1.443862749501701 	 -0.16949766186380444 
8.984984984984985 	 -2.602777935643008 	 -1.4485729153435045 	 -0.17421437393805306 
8.996996996996996 	 -2.6074821278498916 	 -1.4532830350422188 	 -0.17893103976929225 
9.00900900900901 	 -2.6121862740069446 	 -1.4579931086000641 	 -0.18364765935974248 
9.02102102102102 	 -2.616890374114167 	 -1.4627031360170406 	 -0.18836423270718328 
9.033033033033034 	 -2.6215944281759995 	 -1.467413117297589 	 -0.193080759818276 
9.045045045045045 	 -2.626298436190222 	 -1.4721230524372686 	 -0.19779724068857973 
9.057057057057056 	 -2.6310023981590547 	 -1.4768329414427406 	 -0.20251367532031495 
9.06906906906907 	 -2.6357063140824977 	 -1.4815427843117845 	 -0.20723006371792252 
9.08108108108108 	 -2.640410183964992 	 -1.486252581046621 	 -0.211946405879182 
9.093093093093094 	 -2.645114007799876 	 -1.4909623316450293 	 -0.21666270180187297 
9.105105105105105 	 -2.649817785598252 	 -1.495672036113671 	 -0.22137895149709763 
9.117117117117116 	 -2.6545215173534586 	 -1.5003816944481052 	 -0.22609515495375376 
9.12912912912913 	 -2.659225203069937 	 -1.5050913066527727 	 -0.2308113121829436 
9.14114114114114 	 -2.6639288427499075 	 -1.509800872729894 	 -0.23552742318022624 
9.153153153153154 	 -2.668632436388929 	 -1.514510392675028 	 -0.24024348794782213 
9.165165165165165 	 -2.673335983998104 	 -1.5192198664970569 	 -0.24495950649017217 
9.177177177177176 	 -2.6780394855663303 	 -1.5239292941870985 	 -0.24967547880061502 
9.18918918918919 	 -2.682742941100269 	 -1.528638675754035 	 -0.254391404885812 
9.2012012012012 	 -2.6874463506021407 	 -1.5333480111956455 	 -0.25910728474576317 
9.213213213213214 	 -2.6921497140719453 	 -1.5380573005163711 	 -0.2638231183826889 
9.225225225225225 	 -2.696853031509683 	 -1.542766543711771 	 -0.2685389057943688 
9.237237237237236 	 -2.7015563029175738 	 -1.5474757407840656 	 -0.27325464698302326 
9.24924924924925 	 -2.7062595282933977 	 -1.5521848917354752 	 -0.27797034194865233 
9.26126126126126 	 -2.7109627076460363 	 -1.5568939965726614 	 -0.2826859907001378 
9.273273273273274 	 -2.7156658409688283 	 -1.5616030552867421 	 -0.2874015932285978 
9.285285285285285 	 -2.7203689282662147 	 -1.5663120678865994 	 -0.29211714953847334 
9.297297297297296 	 -2.7250719695381953 	 -1.5710210343677922 	 -0.2968326596319848 
9.30930930930931 	 -2.72977496478477 	 -1.5757299547347614 	 -0.3015481235091322 
9.32132132132132 	 -2.7344779140103803 	 -1.5804388289852866 	 -0.3062635411699155 
9.333333333333334 	 -2.7391808172105847 	 -1.5851476571238088 	 -0.3109789126165552 
9.345345345345345 	 -2.743883674394265 	 -1.5898564391525483 	 -0.31569423785349215 
9.357357357357357 	 -2.7485864855547604 	 -1.5945651750648437 	 -0.32040951687406505 
9.36936936936937 	 -2.7532892506942908 	 -1.599273864869577 	 -0.3251247496849352 
9.381381381381381 	 -2.757991969817297 	 -1.6039825085623072 	 -0.3298399362838822 
9.393393393393394 	 -2.762694642926 	 -1.608691106151916 	 -0.33455507667756734 
9.405405405405405 	 -2.767397270015959 	 -1.6133996576317422 	 -0.33927017086154976 
9.417417417417417 	 -2.772099851091614 	 -1.6181081630040062 	 -0.34398521883582944 
9.42942942942943 	 -2.7768023861529656 	 -1.6228166222709284 	 -0.34870022060706773 
9.441441441441441 	 -2.7815048752000138 	 -1.6275250354347293 	 -0.35341517617082374 
9.453453453453454 	 -2.7862073182371994 	 -1.6322334024931884 	 -0.3581300855337588 
9.465465465465465 	 -2.790909715262302 	 -1.636941723452967 	 -0.36284494869365247 
9.477477477477477 	 -2.795612066277542 	 -1.6416499983096244 	 -0.3675597656482843 
9.48948948948949 	 -2.8003143712829193 	 -1.646358227065381 	 -0.3722745364020952 
9.501501501501501 	 -2.805016630282875 	 -1.6510664097246774 	 -0.376989260959526 
9.513513513513514 	 -2.809718843272968 	 -1.655774546283073 	 -0.38170393931391544 
9.525525525525525 	 -2.81442101025986 	 -1.6604826367450087 	 -0.38641857147414527 
9.537537537537538 	 -2.8191231312391096 	 -1.6651906811104844 	 -0.3911331574357746 
9.54954954954955 	 -2.8238252062173785 	 -1.6698986793817205 	 -0.39584769720102386 
9.561561561561561 	 -2.8285272351902258 	 -1.6746066315587171 	 -0.4005621907721135 
9.573573573573574 	 -2.8332292181598717 	 -1.6793145376392538 	 -0.40527663814682313 
9.585585585585585 	 -2.837931155132978 	 -1.6840223976322122 	 -0.409991039331814 
9.597597597597598 	 -2.8426330461028826 	 -1.6887302115331515 	 -0.41470539432486575 
9.60960960960961 	 -2.8473348910762475 	 -1.6934379793442922 	 -0.4194197031259783 
9.621621621621621 	 -2.852036690050852 	 -1.6981457010656342 	 -0.42413396573737216 
9.633633633633634 	 -2.856738443031137 	 -1.702853376699398 	 -0.4288481821634882 
9.645645645645645 	 -2.8614401500104414 	 -1.7075610062455837 	 -0.4335623523954446 
9.657657657657658 	 -2.866141810999867 	 -1.7122685897064116 	 -0.4382764764465641 
9.66966966966967 	 -2.870843425992753 	 -1.7169761270818817 	 -0.44299055430796486 
9.681681681681681 	 -2.8755449949935397 	 -1.7216836183742146 	 -0.44770458598630825 
9.693693693693694 	 -2.8802465180022274 	 -1.7263910635811897 	 -0.45241857148159426 
9.705705705705705 	 -2.8849479950210366 	 -1.7310984627094683 	 -0.4571325107938229 
9.717717717717719 	 -2.889649426049967 	 -1.7358058157546097 	 -0.46184640392299414 
9.72972972972973 	 -2.8943508110890193 	 -1.7405131227210546 	 -0.4665602508735489 
9.741741741741741 	 -2.899052150140413 	 -1.7452203836065827 	 -0.47127405164326674 
9.753753753753754 	 -2.9037534432063694 	 -1.7499275984178553 	 -0.47598780623658854 
9.765765765765765 	 -2.9084546902891084 	 -1.7546347671526519 	 -0.48070151465129385 
9.777777777777779 	 -2.913155891381969 	 -1.7593418898065316 	 -0.48541517688738267 
9.78978978978979 	 -2.917857046496053 	 -1.7640489663905967 	 -0.49012879295151635 
9.801801801801801 	 -2.9225581556246993 	 -1.7687559968981859 	 -0.494842362839254 
9.813813813813814 	 -2.927259218772349 	 -1.77346298133374 	 -0.499555886552816 
9.825825825825826 	 -2.931960235939002 	 -1.778169919697259 	 -0.5042693640944229 
9.837837837837839 	 -2.9366612071290987 	 -1.7828768119931837 	 -0.5089827954662951 
9.84984984984985 	 -2.9413621323359784 	 -1.7875836582126325 	 -0.5136961806639917 
9.861861861861861 	 -2.9460630115663022 	 -1.7922904583667076 	 -0.518409519694174 
9.873873873873874 	 -2.95076384482007 	 -1.7969972124531886 	 -0.5231228125568421 
9.885885885885886 	 -2.955464632101723 	 -1.8017039204765162 	 -0.5278360592542164 
9.897897897897899 	 -2.96016537340682 	 -1.8064105824300292 	 -0.532549259781856 
9.90990990990991 	 -2.964866068735361 	 -1.8111171983181684 	 -0.5372624141442017 
9.921921921921921 	 -2.969566718096228 	 -1.8158237681453748 	 -0.5419755223434741 
9.933933933933934 	 -2.97426732148498 	 -1.8205302919116484 	 -0.5466885843796732 
9.945945945945946 	 -2.978967878901617 	 -1.8252367696147687 	 -0.5514016002550193 
9.957957957957959 	 -2.983668390346139 	 -1.8299432012547356 	 -0.5561145699650716 
9.96996996996997 	 -2.988368855827428 	 -1.8346495868382107 	 -0.5608274935187119 
9.981981981981981 	 -2.993069275338822 	 -1.8393559263585324 	 -0.5655403709092788 
9.993993993993994 	 -2.9977696488847627 	 -1.844062219826803 	 -0.5702532021456541 
10.006006006006006 	 -3.0024699764652496 	 -1.8487684672363613 	 -0.574965987223397 
10.018018018018019 	 -3.007170258080283 	 -1.8534746685916481 	 -0.5796787261447278 
10.03003003003003 	 -3.011870493732083 	 -1.858180823890443 	 -0.5843914189096466 
10.042042042042041 	 -3.01657068342287 	 -1.8628869331371867 	 -0.5891040655225943 
10.054054054054054 	 -3.0212708271526445 	 -1.8675929963318794 	 -0.5938166659835709 
10.066066066066066 	 -3.025970924921406 	 -1.8722990134723005 	 -0.5985292202881354 
10.078078078078079 	 -3.030670976729155 	 -1.8770049845651116 	 -0.6032417284429492 
10.09009009009009 	 -3.035370982580332 	 -1.881710909608092 	 -0.6079541904502328 
10.102102102102101 	 -3.0400709424749373 	 -1.8864167886034622 	 -0.6126666063077657 
10.114114114114114 	 -3.0447708564129705 	 -1.8911226215490018 	 -0.6173789760177684 
10.126126126126126 	 -3.049470724394432 	 -1.8958284084513721 	 -0.6220912995802408 
10.138138138138139 	 -3.0541705464193214 	 -1.9005341493039118 	 -0.6268035769929625 
10.15015015015015 	 -3.058870322496521 	 -1.9052398441177232 	 -0.6315158082670358 
10.162162162162161 	 -3.0635700526171483 	 -1.9099454928839243 	 -0.6362279933935788 
10.174174174174174 	 -3.0682697367878653 	 -1.9146510956069562 	 -0.6409401323748121 
10.186186186186186 	 -3.072969375010892 	 -1.9193566522934802 	 -0.6456522252196173 
10.198198198198199 	 -3.077668967281788 	 -1.9240621629346144 	 -0.6503642719191127 
10.21021021021021 	 -3.082368513604994 	 -1.9287676275414611 	 -0.6550762724821801 
10.222222222222221 	 -3.08706801398273 	 -1.933473046107359 	 -0.6597882269065991 
10.234234234234235 	 -3.091767468412776 	 -1.9381784186345286 	 -0.6645001351879287 
10.246246246246246 	 -3.0964668768973524 	 -1.9428837451274106 	 -0.6692119973372712 
10.258258258258259 	 -3.1011662394409 	 -1.9475890255882256 	 -0.6739238133501857 
10.27027027027027 	 -3.1058655560367576 	 -1.9522942600103121 	 -0.6786355832266722 
10.282282282282281 	 -3.110564826693807 	 -1.9569994484003317 	 -0.6833473069711715 
10.294294294294295 	 -3.1152640514098273 	 -1.9617045907582842 	 -0.6880589845814633 
10.306306306306306 	 -3.119963230184819 	 -1.96640968708639 	 -0.6927706160619884 
10.318318318318319 	 -3.1246623630210024 	 -1.9711147373846494 	 -0.6974822014105264 
10.33033033033033 	 -3.1293614499183775 	 -1.975819741653062 	 -0.7021937406292977 
10.342342342342342 	 -3.1340604908791647 	 -1.9805246998916282 	 -0.7069052337183024 
10.354354354354355 	 -3.1387594859055845 	 -1.9852296121047885 	 -0.7116166806819813 
10.366366366366366 	 -3.143458434993196 	 -1.9899344782903228 	 -0.7163280815181139 
10.378378378378379 	 -3.1481573381486605 	 -1.9946392984526717 	 -0.7210394362267003 
10.39039039039039 	 -3.1528561953741985 	 -1.9993440725918354 	 -0.7257507448166223 
10.402402402402402 	 -3.1575550066631486 	 -2.0040488007055934 	 -0.7304620072767776 
10.414414414414415 	 -3.1622537720243926 	 -2.0087534827983866 	 -0.735173223616048 
10.426426426426426 	 -3.16695249145571 	 -2.013458118870215 	 -0.7398843938344335 
10.438438438438439 	 -3.171651164957101 	 -2.0181627089210785 	 -0.7445955179319341 
10.45045045045045 	 -3.176349792530786 	 -2.022867252955418 	 -0.7493065959107703 
10.462462462462462 	 -3.181048374176765 	 -2.027571750968793 	 -0.7540176277687216 
10.474474474474475 	 -3.185746909897258 	 -2.0322762029678643 	 -0.7587286135102289 
10.486486486486486 	 -3.1904453996922655 	 -2.0369806089504117 	 -0.7634395531375127 
10.498498498498499 	 -3.195143843564008 	 -2.0416849689186556 	 -0.7681504466483524 
10.51051051051051 	 -3.199842241512485 	 -2.0463892828703756 	 -0.7728612940427482 
10.522522522522523 	 -3.204540593542138 	 -2.051093550812233 	 -0.7775720953273613 
10.534534534534535 	 -3.209238899646305 	 -2.055797772739787 	 -0.7822828504955304 
10.546546546546546 	 -3.2139371598338684 	 -2.0605019486596987 	 -0.7869935595539168 
10.558558558558559 	 -3.2186353741026075 	 -2.0652060785675275 	 -0.7917042225025206 
10.57057057057057 	 -3.2233335424525222 	 -2.0699101624654936 	 -0.7964148393413417 
10.582582582582583 	 -3.2280316648836127 	 -2.0746142003558177 	 -0.8011254100703802 
10.594594594594595 	 -3.2327297414047607 	 -2.0793181922429405 	 -0.8058359346962973 
10.606606606606606 	 -3.237427772004864 	 -2.0840221381202007 	 -0.8105464132102114 
10.618618618618619 	 -3.242125756692804 	 -2.0887260379942596 	 -0.8152568456232245 
10.63063063063063 	 -3.246823695470802 	 -2.0934298918651173 	 -0.8199672319308959 
10.642642642642643 	 -3.251521588334416 	 -2.0981336997305533 	 -0.8246775721332256 
10.654654654654655 	 -3.256219435288088 	 -2.102837461597229 	 -0.8293878662368748 
10.666666666666666 	 -3.2609172363318173 	 -2.107541177462924 	 -0.8340981142351822 
10.67867867867868 	 -3.265614991470045 	 -2.1122448473298583 	 -0.8388083161392501 
10.69069069069069 	 -3.2703127006961097 	 -2.116948471195812 	 -0.8435184719401967 
10.702702702702704 	 -3.275010364016673 	 -2.1216520490652258 	 -0.8482285816424628 
10.714714714714715 	 -3.2797079814317343 	 -2.1263555809380996 	 -0.852938645248269 
10.726726726726726 	 -3.2844055529435146 	 -2.1310590668144336 	 -0.8576486627576152 
10.73873873873874 	 -3.2891030785497932 	 -2.135762506696448 	 -0.8623586341727218 
10.75075075075075 	 -3.2938005582572316 	 -2.140465900588584 	 -0.8670685594958094 
10.762762762762764 	 -3.298497992056948 	 -2.1451692484819596 	 -0.8717784387202165 
10.774774774774775 	 -3.3031953799600444 	 -2.1498725503854565 	 -0.876488271854825 
10.786786786786786 	 -3.3078927219643006 	 -2.1545758063012954 	 -0.8811980589018553 
10.7987987987988 	 -3.3125900180652756 	 -2.1592790162250353 	 -0.8859077998546461 
10.81081081081081 	 -3.3172872682740717 	 -2.163982180161117 	 -0.8906174947198586 
10.822822822822824 	 -3.321984472586248 	 -2.168685298111761 	 -0.8953271434997134 
10.834834834834835 	 -3.3266816309973635 	 -2.173388370070306 	 -0.9000367461875491 
10.846846846846846 	 -3.3313787435185205 	 -2.1780913960500747 	 -0.9047463027922475 
10.85885885885886 	 -3.336075810145278 	 -2.182794376039965 	 -0.9094558133115882 
10.87087087087087 	 -3.3407728308776363 	 -2.187497310048858 	 -0.9141652777455711 
10.882882882882884 	 -3.3454698057222565 	 -2.1922001980767547 	 -0.9188746961008576 
10.894894894894895 	 -3.3501667346746977 	 -2.1969030401192136 	 -0.9235840683707863 
10.906906906906906 	 -3.35486361773496 	 -2.201605836182896 	 -0.9282933945597982 
10.91891891891892 	 -3.3595604549097047 	 -2.2063085862678022 	 -0.9330026746701137 
10.93093093093093 	 -3.3642572461967113 	 -2.211011290373932 	 -0.9377119086995123 
10.942942942942944 	 -3.3689539915982003 	 -2.2157139485057264 	 -0.9424210966546553 
10.954954954954955 	 -3.3736506911119513 	 -2.220416560656524 	 -0.947130238531102 
10.966966966966966 	 -3.378347344742405 	 -2.2251191268352066 	 -0.9518393343310727 
10.97897897897898 	 -3.3830439524895617 	 -2.2298216470373333 	 -0.9565483840567879 
10.99099099099099 	 -3.387740514353421 	 -2.234524121267345 	 -0.9612573877082475 
11.003003003003004 	 -3.392437030336204 	 -2.2392265495230212 	 -0.9659663452876721 
11.015015015015015 	 -3.3971335004401304 	 -2.2439289318110234 	 -0.9706752567950616 
11.027027027027026 	 -3.40182992466298 	 -2.24863126812469 	 -0.975384122230416 
11.03903903903904 	 -3.406526303009194 	 -2.253333558472903 	 -0.9800929415981763 
11.05105105105105 	 -3.411222635476552 	 -2.2580358028512215 	 -0.9848017148961219 
11.063063063063064 	 -3.4159189220672737 	 -2.2627380012596454 	 -0.9895104421264733 
11.075075075075075 	 -3.42061516278358 	 -2.2674401537070565 	 -0.994219123291451 
11.087087087087086 	 -3.4253113576254712 	 -2.272142260184573 	 -0.9989277583888345 
11.0990990990991 	 -3.4300075065951674 	 -2.276844320701077 	 -1.0036363474230647 
11.11111111111111 	 -3.434703609690448 	 -2.2815463352543475 	 -1.0083448903941417 
11.123123123123124 	 -3.4393996669157545 	 -2.2862483038421644 	 -1.0130533872998448 
11.135135135135135 	 -3.444095678268866 	 -2.290950226471189 	 -1.0177618381468356 
11.147147147147146 	 -3.4487916437564436 	 -2.295652103141421 	 -1.0224702429328936 
11.15915915915916 	 -3.4534875633718265 	 -2.3003539338484202 	 -1.0271786016580187 
11.17117117117117 	 -3.458183437123896 	 -2.305055718601068 	 -1.0318869143244314 
11.183183183183184 	 -3.4628792650059914 	 -2.309757457394923 	 -1.036595180934352 
11.195195195195195 	 -3.4675750470247735 	 -2.3144591502322065 	 -1.0413034014877809 
11.207207207207206 	 -3.472270783178022 	 -2.319160797112918 	 -1.0460115759824973 
11.21921921921922 	 -3.4769664734679573 	 -2.3238623980414985 	 -1.0507197044251626 
11.23123123123123 	 -3.4816621178990204 	 -2.3285639530201685 	 -1.0554277868157769 
11.243243243243244 	 -3.48635771646455 	 -2.3332654620422666 	 -1.0601358231521196 
11.255255255255255 	 -3.4910532691734275 	 -2.337966925114454 	 -1.0648438134386318 
11.267267267267266 	 -3.4957487760212125 	 -2.342668342236731 	 -1.0695517576730929 
11.27927927927928 	 -3.500444237010125 	 -2.347369713411318 	 -1.0742596558577233 
11.29129129129129 	 -3.505139652142386 	 -2.352071038633774 	 -1.0789675079947436 
11.303303303303304 	 -3.5098350214202156 	 -2.3567723179129807 	 -1.0836753140863742 
11.315315315315315 	 -3.5145303448413934 	 -2.3614735512444973 	 -1.0883830741281741 
11.327327327327327 	 -3.51922562241036 	 -2.3661747386327647 	 -1.0930907881268048 
11.33933933933934 	 -3.5239208541248956 	 -2.370875880077783 	 -1.0977984560822662 
11.35135135135135 	 -3.52861603998722 	 -2.3755769755773315 	 -1.1025060779901175 
11.363363363363364 	 -3.533311179997334 	 -2.3802780251358513 	 -1.1072136538570199 
11.375375375375375 	 -3.538006274157457 	 -2.3849790287533423 	 -1.1119211836851939 
11.387387387387387 	 -3.54270132246981 	 -2.3896799864298046 	 -1.1166286674701986 
11.3993993993994 	 -3.547396324934393 	 -2.394380898169679 	 -1.1213361052186954 
11.411411411411411 	 -3.5520912815534267 	 -2.399081763970745 	 -1.1260434969284638 
11.423423423423424 	 -3.5567861923224697 	 -2.403782583833003 	 -1.1307508425995039 
11.435435435435435 	 -3.561481057250404 	 -2.4084833577631137 	 -1.1354581422362564 
11.447447447447447 	 -3.5661758763305684 	 -2.4131840857544162 	 -1.1401653958342806 
11.45945945945946 	 -3.570870649569624 	 -2.4178847678135718 	 -1.1448726034002377 
11.471471471471471 	 -3.575565376967571 	 -2.4225854039405803 	 -1.1495797649341277 
11.483483483483484 	 -3.580260058522189 	 -2.427285994135442 	 -1.1542868804337303 
11.495495495495495 	 -3.5849546942379185 	 -2.4319865383981565 	 -1.1589939499034863 
11.507507507507508 	 -3.58964928411476 	 -2.436687036733165 	 -1.1637009733411752 
11.51951951951952 	 -3.594343828152713 	 -2.441387489138247 	 -1.1684079507534584 
11.531531531531531 	 -3.5990383263562187 	 -2.446087895615623 	 -1.173114882135895 
11.543543543543544 	 -3.603732778720836 	 -2.4507882561652927 	 -1.177821767488485 
11.555555555555555 	 -3.608427185253227 	 -2.455488570789477 	 -1.1825286068178897 
11.567567567567568 	 -3.61312154595117 	 -2.460188839490396 	 -1.1872354001218888 
11.57957957957958 	 -3.617815860814666 	 -2.4648890622658293 	 -1.191942147400482 
11.591591591591591 	 -3.622510129845935 	 -2.4695892391179974 	 -1.1966488486558902 
11.603603603603604 	 -3.627204353049418 	 -2.4742893700513413 	 -1.2013555038925539 
11.615615615615615 	 -3.6318985304184537 	 -2.47898945506142 	 -1.2060621131060323 
11.627627627627628 	 -3.6365926619619238 	 -2.483689494154895 	 -1.210768676298546 
11.63963963963964 	 -3.641286747677608 	 -2.488389487327325 	 -1.2154751934745356 
11.651651651651651 	 -3.6459807875632855 	 -2.4930894345809307 	 -1.2201816646295605 
11.663663663663664 	 -3.650674781625618 	 -2.497789335920153 	 -1.2248880897680614 
11.675675675675675 	 -3.655368729862385 	 -2.5024891913427716 	 -1.2295944688922589 
11.687687687687689 	 -3.6600626322758067 	 -2.5071890008510067 	 -1.2343008019999324 
11.6996996996997 	 -3.6647564888658835 	 -2.5118887644448584 	 -1.239007089095523 
11.711711711711711 	 -3.6694502996348355 	 -2.516588482126547 	 -1.24371333017681 
11.723723723723724 	 -3.6741440645848833 	 -2.5212881538982934 	 -1.2484195252482344 
11.735735735735735 	 -3.678837783711586 	 -2.5259877797578767 	 -1.2531256743075758 
11.747747747747749 	 -3.6835314570193844 	 -2.530687359705297 	 -1.2578317773548342 
11.75975975975976 	 -3.688225084510499 	 -2.5353868937472157 	 -1.2625378343944504 
11.771771771771771 	 -3.6929186661871505 	 -2.5400863818814123 	 -1.267243845428645 
11.783783783783784 	 -3.6976122020448976 	 -2.544785824107887 	 -1.271949810452977 
11.795795795795796 	 -3.7023056920881814 	 -2.54948522042886 	 -1.2766557294718872 
11.807807807807809 	 -3.7069991363192223 	 -2.554184570848772 	 -1.2813616024875962 
11.81981981981982 	 -3.7116925347358 	 -2.558883875360962 	 -1.2860674294978836 
11.831831831831831 	 -3.716385887342355 	 -2.5635831339720916 	 -1.29077321050719 
11.843843843843844 	 -3.721079194136667 	 -2.56828234667994 	 -1.295478945511075 
11.855855855855856 	 -3.7257724551231775 	 -2.572981513491168 	 -1.3001846345184198 
11.867867867867869 	 -3.7304656702996652 	 -2.5776806343991154 	 -1.304890277524784 
11.87987987987988 	 -3.735158839668351 	 -2.582379709410443 	 -1.3095958745301672 
11.891891891891891 	 -3.7398519632314553 	 -2.5870787385251504 	 -1.314301425541231 
11.903903903903904 	 -3.744545040988978 	 -2.591777721743238 	 -1.3190069305535346 
11.915915915915916 	 -3.7492380729386987 	 -2.5964766590624855 	 -1.3237123895692982 
11.927927927927929 	 -3.7539310590872788 	 -2.6011755504917744 	 -1.3284178025929627 
11.93993993993994 	 -3.758623999434718 	 -2.605874396026664 	 -1.3331231696223078 
11.951951951951951 	 -3.763316893976576 	 -2.610573195667154 	 -1.3378284906573334 
11.963963963963964 	 -3.7680097427195136 	 -2.6152719494176857 	 -1.3425337657024805 
11.975975975975976 	 -3.7727025456613106 	 -2.6199706572760384 	 -1.3472389947555286 
11.987987987987989 	 -3.7773953028086282 	 -2.624669319246653 	 -1.3519441778209185 
12.0 	 -3.7820880141548052 	 -2.629367935327309 	 -1.3566493148942094 
