0.0 	 0.9289291066660876 	 2.087593638366858 	 3.3668771280470633 
0.004004004004004004 	 0.9250515321557184 	 2.083712650118308 	 3.362992369763118 
0.008008008008008008 	 0.9211739789916074 	 2.0798316832448815 	 3.3591076328887137 
0.012012012012012012 	 0.9172964471781953 	 2.0759507377521302 	 3.3552229174294013 
0.016016016016016016 	 0.913418936709931 	 2.0720698136367233 	 3.3513382233785194 
0.02002002002002002 	 0.9095414475901453 	 2.0681889108986606 	 3.3474535507393988 
0.024024024024024024 	 0.9056639798166177 	 2.064308029535722 	 3.343568899509819 
0.028028028028028028 	 0.9017865333904584 	 2.060427169552348 	 3.3396842696920004 
0.03203203203203203 	 0.897909108309447 	 2.056546330944098 	 3.3357996612826124 
0.036036036036036036 	 0.8940317045769142 	 2.052665513713192 	 3.3319150742838755 
0.04004004004004004 	 0.890154322188419 	 2.0487847178574103 	 3.328030508693569 
0.044044044044044044 	 0.8862769611461818 	 2.0449039433778626 	 3.3241459645128035 
0.04804804804804805 	 0.8823996214502028 	 2.0410231902756593 	 3.320261441742689 
0.05205205205205205 	 0.8785223030982614 	 2.0371424585463593 	 3.3163769403787846 
0.056056056056056056 	 0.8746450060903577 	 2.0332617481921833 	 3.312492460424421 
0.06006006006006006 	 0.8707677304298223 	 2.0293810592153516 	 3.3086080018795982 
0.06406406406406406 	 0.8668904761122143 	 2.025500391610313 	 3.3047235647398754 
0.06806806806806807 	 0.8630132431386439 	 2.021619745381509 	 3.3008391490096933 
0.07207207207207207 	 0.8591360315091112 	 2.017739120525608 	 3.2969547546868316 
0.07607607607607608 	 0.855258841222506 	 2.0138585170426104 	 3.29307038176907 
0.08008008008008008 	 0.8513816722810486 	 2.009977934935847 	 3.289186030260849 
0.08408408408408409 	 0.8475045246802981 	 2.0060973741997667 	 3.2853017001566176 
0.08808808808808809 	 0.8436273984224751 	 2.00221683483659 	 3.2814173914597067 
0.0920920920920921 	 0.8397502935086898 	 1.9983363168474266 	 3.277533104169006 
0.0960960960960961 	 0.8358732099378319 	 1.9944558202311669 	 3.2736488382845153 
0.1001001001001001 	 0.8319961477054605 	 1.9905753449844799 	 3.2697645938040143 
0.1041041041041041 	 0.8281191068171267 	 1.9866948911106963 	 3.2658803707286133 
0.10810810810810811 	 0.8242420872706102 	 1.9828144586109264 	 3.2619961690605326 
0.11211211211211211 	 0.8203650890648007 	 1.978934047479619 	 3.2581119887953314 
0.11611611611611612 	 0.8164881121996981 	 1.9750536577212152 	 3.25422782993523 
0.12012012012012012 	 0.8126111566741923 	 1.971173289331274 	 3.2503436924780083 
0.12412412412412413 	 0.8087342224916139 	 1.967292942314236 	 3.2464595764258863 
0.12812812812812813 	 0.804857309647522 	 1.963412616666771 	 3.242575481776644 
0.13213213213213212 	 0.8009804181441371 	 1.9595323123899888 	 3.238691408531391 
0.13613613613613615 	 0.7971035479781285 	 1.955652029480559 	 3.2348073566879076 
0.14014014014014015 	 0.7932266991539372 	 1.9517717679429225 	 3.230923326248414 
0.14414414414414414 	 0.7893498716682323 	 1.9478915277737485 	 3.2270393172117995 
0.14814814814814814 	 0.7854730655199038 	 1.944011308973037 	 3.223155329575844 
0.15215215215215216 	 0.7815962807122823 	 1.9401311115430087 	 3.2192713633438785 
0.15615615615615616 	 0.777719517242037 	 1.9362509354792223 	 3.215387418512572 
0.16016016016016016 	 0.7738427751102783 	 1.9323707807850088 	 3.2115034950830346 
0.16416416416416416 	 0.7699660543147857 	 1.9284906474581476 	 3.2076195930552664 
0.16816816816816818 	 0.7660893548577796 	 1.9246105354975285 	 3.203735712427047 
0.17217217217217218 	 0.7622126767381499 	 1.9207304449064821 	 3.199851853200597 
0.17617617617617617 	 0.7583360199558964 	 1.9168503756827882 	 3.195968015374806 
0.18018018018018017 	 0.7544593845076886 	 1.9129703278231158 	 3.1920841989474535 
0.1841841841841842 	 0.7505827703990775 	 1.909090301331906 	 3.1882004039218703 
0.1881881881881882 	 0.7467061776256223 	 1.9052102962069384 	 3.1843166302947257 
0.1921921921921922 	 0.742829606187323 	 1.9013303124482128 	 3.18043287806713 
0.1961961961961962 	 0.7389530560852897 	 1.8974503500546192 	 3.1765491472390828 
0.2002002002002002 	 0.7350765273173021 	 1.8935704090261574 	 3.172665437808364 
0.2042042042042042 	 0.7312000198866908 	 1.889690489365048 	 3.1687817497783044 
0.2082082082082082 	 0.7273235337901252 	 1.8858105910679601 	 3.1648980831466833 
0.2122122122122122 	 0.7234470690264949 	 1.8819307141337838 	 3.16101443791017 
0.21621621621621623 	 0.719570625600241 	 1.8780508585658495 	 3.157130814074316 
0.22022022022022023 	 0.7156942035058123 	 1.874171024361937 	 3.15324721163579 
0.22422422422422422 	 0.7118178027454292 	 1.870291211522046 	 3.1493636305934825 
0.22822822822822822 	 0.7079414233179815 	 1.8664114200439563 	 3.145480070947393 
0.23223223223223224 	 0.7040650652256897 	 1.8625316499321087 	 3.1415965326986317 
0.23623623623623624 	 0.7001887284652231 	 1.8586519011820624 	 3.137713015847199 
0.24024024024024024 	 0.6963124130376919 	 1.8547721737949274 	 3.133829520391984 
0.24424424424424424 	 0.6924361189419859 	 1.850892467770704 	 3.1299460463318773 
0.24824824824824826 	 0.6885598461792153 	 1.8470127831082817 	 3.1260625936668784 
0.25225225225225223 	 0.6846835947482699 	 1.8431331198076606 	 3.1221791623980977 
0.25625625625625625 	 0.6808073646502599 	 1.8392534778710612 	 3.118295752525535 
0.2602602602602603 	 0.6769311558796343 	 1.8353738572929323 	 3.1144123640447496 
0.26426426426426425 	 0.6730549684430542 	 1.8314942580766047 	 3.1105289969612926 
0.2682682682682683 	 0.6691788023371892 	 1.8276146802231885 	 3.106645651270723 
0.2722722722722723 	 0.6653026575609289 	 1.8237351237282429 	 3.102762326974151 
0.27627627627627627 	 0.6614265341164938 	 1.8198555885950984 	 3.098879024071577 
0.2802802802802803 	 0.6575504320016634 	 1.8159760748215348 	 3.0949957425630004 
0.28428428428428426 	 0.6536743512164378 	 1.8120965824097723 	 3.0911124824484215 
0.2882882882882883 	 0.6497982917597067 	 1.8082171113553702 	 3.08722924372562 
0.2922922922922923 	 0.6459222536336906 	 1.8043376616605489 	 3.0833460263945955 
0.2962962962962963 	 0.6420462368372792 	 1.8004582333275287 	 3.079462830458679 
0.3003003003003003 	 0.6381702413682522 	 1.796578826351869 	 3.0755796559134296 
0.30430430430430433 	 0.6342942672266094 	 1.7926994407324592 	 3.071696502758847 
0.3083083083083083 	 0.6304183144145714 	 1.7888200764737405 	 3.0678133709971522 
0.3123123123123123 	 0.6265423829321382 	 1.7849407335746026 	 3.063930260629455 
0.3163163163163163 	 0.6226664727748688 	 1.7810614120306045 	 3.060047171649094 
0.3203203203203203 	 0.6187905839460939 	 1.7771821118439668 	 3.0561641040605103 
0.32432432432432434 	 0.6149147164458135 	 1.77330283301802 	 3.052281057863704 
0.3283283283283283 	 0.611038870270697 	 1.769423575546103 	 3.048398033056454 
0.33233233233233234 	 0.6071630454229648 	 1.7655443394326564 	 3.0445150296398715 
0.33633633633633636 	 0.6032872419015067 	 1.7616651246743498 	 3.0406320476117354 
0.34034034034034033 	 0.599411459702992 	 1.757785931271183 	 3.036749086972046 
0.34434434434434436 	 0.5955356988340821 	 1.7539067592264868 	 3.0328661477241337 
0.3483483483483483 	 0.5916599592914462 	 1.7500276085369304 	 3.028983229865778 
0.35235235235235235 	 0.5877842410717538 	 1.746148479202514 	 3.025100333394759 
0.3563563563563564 	 0.5839085441772252 	 1.7422693712232373 	 3.0212174583121865 
0.36036036036036034 	 0.5800328686067502 	 1.7383902845968802 	 3.01733460461584 
0.36436436436436437 	 0.5761572143636595 	 1.7345112193278833 	 3.0134517723101606 
0.3683683683683684 	 0.572281581442402 	 1.7306321754129161 	 3.0095689613918175 
0.37237237237237236 	 0.5684059698463084 	 1.7267531528519786 	 3.0056861718608108 
0.3763763763763764 	 0.5645303795753787 	 1.722874151646181 	 3.0018034037182506 
0.38038038038038036 	 0.5606548106251719 	 1.7189951717921925 	 2.9979206569608063 
0.3843843843843844 	 0.5567792629979085 	 1.7151162132900133 	 2.994037931588478 
0.3883883883883884 	 0.5529037366946987 	 1.7112372761418637 	 2.990155227603486 
0.3923923923923924 	 0.5490282317144324 	 1.7073583603477438 	 2.9862725450069405 
0.3963963963963964 	 0.5451527480582197 	 1.7034794659076535 	 2.982389883795511 
0.4004004004004004 	 0.5412772857216197 	 1.6996005928160418 	 2.978507243966977 
0.4044044044044044 	 0.5374018447090734 	 1.69572174107957 	 2.9746246255268893 
0.4084084084084084 	 0.5335264250150296 	 1.6918429106926869 	 2.9707420284696973 
0.4124124124124124 	 0.5296510266450394 	 1.6879641016587232 	 2.9668594527987313 
0.4164164164164164 	 0.5257756495957722 	 1.6840853139754586 	 2.962976898511771 
0.42042042042042044 	 0.5219002938638972 	 1.6802065476417827 	 2.959094365606596 
0.4244244244244244 	 0.5180249594571862 	 1.6763278026610262 	 2.9552118540898675 
0.42842842842842843 	 0.5141496463667572 	 1.672449079027638 	 2.9513293639515936 
0.43243243243243246 	 0.5102743545992716 	 1.6685703767482796 	 2.9474468952017663 
0.4364364364364364 	 0.5063990841502886 	 1.6646916958162894 	 2.943564447832614 
0.44044044044044045 	 0.5025238350220285 	 1.6608130362349982 	 2.939682021846357 
0.4444444444444444 	 0.4986486072122709 	 1.6569343980021856 	 2.9357996172429957 
0.44844844844844844 	 0.4947734007232363 	 1.6530557811211821 	 2.93191723402364 
0.45245245245245247 	 0.49089821555048374 	 1.6491771855864368 	 2.928034872184959 
0.45645645645645644 	 0.4870230516962337 	 1.64529861140017 	 2.9241525317280637 
0.46046046046046046 	 0.4831479091604862 	 1.6414200585612715 	 2.920270212650733 
0.4644644644644645 	 0.47927278794324124 	 1.6375415270719618 	 2.916387914957408 
0.46846846846846846 	 0.4753976880444988 	 1.6336630169322408 	 2.912505638645868 
0.4724724724724725 	 0.47152260945981794 	 1.6297845281365575 	 2.908623383712783 
0.47647647647647645 	 0.4676475521958601 	 1.625906060690463 	 2.9047411501603726 
0.4804804804804805 	 0.46377251624596383 	 1.6220276145906265 	 2.9008589379897476 
0.4844844844844845 	 0.45989750161679055 	 1.6181491898381584 	 2.8969767471986874 
0.48848848848848847 	 0.45602250829945845 	 1.614270786430838 	 2.893094577787192 
0.4924924924924925 	 0.45214753630062887 	 1.610392404369776 	 2.889212429754151 
0.4964964964964965 	 0.44827258561808137 	 1.606514043656082 	 2.885330303101785 
0.5005005005005005 	 0.44439765624737504 	 1.6026357042864259 	 2.881448197827874 
0.5045045045045045 	 0.44052274819517123 	 1.5987573862630278 	 2.877566113932417 
0.5085085085085085 	 0.43664786145702905 	 1.5948790895836673 	 2.8736840514143047 
0.5125125125125125 	 0.4327729960329485 	 1.5910008142494547 	 2.869802010274647 
0.5165165165165165 	 0.42889815192515 	 1.5871225602615002 	 2.865919990514554 
0.5205205205205206 	 0.42502332913141316 	 1.5832443276164732 	 2.862037992130695 
0.5245245245245245 	 0.4211485276495175 	 1.5793661163143735 	 2.8581560151241803 
0.5285285285285285 	 0.41727374748168344 	 1.5754879263574217 	 2.85427405949501 
0.5325325325325325 	 0.41339898863013147 	 1.5716097577456178 	 2.850392125243184 
0.5365365365365365 	 0.40952425108820023 	 1.567731610474521 	 2.846510212366482 
0.5405405405405406 	 0.40564953486255106 	 1.5638534845485719 	 2.8426283208682346 
0.5445445445445446 	 0.40177483994652263 	 1.5599753799622196 	 2.8387464507428906 
0.5485485485485485 	 0.39790016634455583 	 1.5560972967232356 	 2.8348646019971113 
0.5525525525525525 	 0.39402551405220976 	 1.552219234821628 	 2.8309827746231253 
0.5565565565565566 	 0.3901508830739253 	 1.5483411942629477 	 2.8271009686264836 
0.5605605605605606 	 0.38627627340748205 	 1.5444631750471949 	 2.8232191840038556 
0.5645645645645646 	 0.3824016850551004 	 1.5405851771754797 	 2.819337420758572 
0.5685685685685685 	 0.3785271180078986 	 1.5367072006400306 	 2.8154556788839713 
0.5725725725725725 	 0.37465257227475846 	 1.532829245447509 	 2.8115739583856048 
0.5765765765765766 	 0.370778047851239 	 1.5289513115956943 	 2.8076922592601417 
0.5805805805805806 	 0.36690354473956077 	 1.5250733990845866 	 2.8038105815098024 
0.5845845845845846 	 0.3630290629352828 	 1.5211955079119654 	 2.7999289251301462 
0.5885885885885885 	 0.3591546024406256 	 1.5173176380800513 	 2.7960472901245037 
0.5925925925925926 	 0.35528016325780953 	 1.513439789588844 	 2.792165676493985 
0.5965965965965966 	 0.3514057453823938 	 1.5095619624361234 	 2.7882840842341494 
0.6006006006006006 	 0.34753134881659875 	 1.5056841566196688 	 2.7844025133449968 
0.6046046046046046 	 0.34365697356042446 	 1.5018063721461417 	 2.780520963830968 
0.6086086086086087 	 0.33978261961165046 	 1.497928609011101 	 2.7766394356887325 
0.6126126126126126 	 0.3359082869724972 	 1.4940508672123265 	 2.77275792891718 
0.6166166166166166 	 0.33203397563852377 	 1.4901731467520385 	 2.7688764435152002 
0.6206206206206206 	 0.3281596856141711 	 1.486295447630237 	 2.764994979486124 
0.6246246246246246 	 0.32428541689499824 	 1.4824177698424812 	 2.76111353682551 
0.6286286286286287 	 0.3204111694854461 	 1.4785401133954323 	 2.7572321155378 
0.6326326326326326 	 0.31653694338107385 	 1.4746624782846496 	 2.753350715618552 
0.6366366366366366 	 0.3126627385841019 	 1.470784864510133 	 2.7494693370710976 
0.6406406406406406 	 0.30878855509230974 	 1.4669072720718823 	 2.7455879798909955 
0.6446446446446447 	 0.3049143929079179 	 1.4630297009721183 	 2.7417066440826865 
0.6486486486486487 	 0.3010402520287059 	 1.4591521512041794 	 2.73782532964173 
0.6526526526526526 	 0.2971661324546737 	 1.455274622774727 	 2.733944036570346 
0.6566566566566566 	 0.2932920341858214 	 1.4513971156793204 	 2.7300627648674247 
0.6606606606606606 	 0.28941795722436936 	 1.4475196299201798 	 2.726181514534076 
0.6646646646646647 	 0.2855439015636563 	 1.4436421654950848 	 2.7223002855647493 
0.6686686686686687 	 0.28166986720812304 	 1.439764722401815 	 2.7184190779661055 
0.6726726726726727 	 0.27779585415776964 	 1.4358873006470319 	 2.714537891735924 
0.6766766766766766 	 0.27392186241037564 	 1.4320099002240738 	 2.7106567268697646 
0.6806806806806807 	 0.2700478919703819 	 1.4281325211351614 	 2.706775583374288 
0.6846846846846847 	 0.26617394283112716 	 1.4242551633825151 	 2.7028944612450534 
0.6886886886886887 	 0.2623000149948318 	 1.420377826961694 	 2.699013360482061 
0.6926926926926927 	 0.2584261084592754 	 1.4165005118682572 	 2.6951322810808698 
0.6966966966966966 	 0.2545522232288988 	 1.412623218113307 	 2.6912512230503616 
0.7007007007007007 	 0.2506783593037021 	 1.4087459456901819 	 2.6873701863849853 
0.7047047047047047 	 0.2468045166748034 	 1.404868694598882 	 2.6834891710836306 
0.7087087087087087 	 0.24293069535108458 	 1.4009914648394073 	 2.679608177148518 
0.7127127127127127 	 0.2390568953281047 	 1.3971142564095373 	 2.675727204577427 
0.7167167167167167 	 0.23518311660586377 	 1.393237069313713 	 2.6718462533725784 
0.7207207207207207 	 0.23130935918658224 	 1.389359903549714 	 2.6679653235317513 
0.7247247247247247 	 0.22743562306581921 	 1.3854827591130991 	 2.6640844150527254 
0.7287287287287287 	 0.22356190824579514 	 1.3816056360083095 	 2.6602035279388314 
0.7327327327327328 	 0.21968821472651 	 1.3777285342353451 	 2.656322662188959 
0.7367367367367368 	 0.21581454250796384 	 1.373851453789765 	 2.652441817800888 
0.7407407407407407 	 0.21194089158793616 	 1.3699743946760101 	 2.6485609947768385 
0.7447447447447447 	 0.20806726196864744 	 1.3660973568940804 	 2.644680193117921 
0.7487487487487487 	 0.20419365364787723 	 1.3622203404373145 	 2.640799412818584 
0.7527527527527528 	 0.20032006662562551 	 1.3583433453101534 	 2.6369186538821587 
0.7567567567567568 	 0.1964465009018923 	 1.3544663715148175 	 2.633037916308645 
0.7607607607607607 	 0.1925729564766776 	 1.3505894190446455 	 2.629157200095822 
0.7647647647647647 	 0.1886994333499814 	 1.3467124879040782 	 2.62527650524369 
0.7687687687687688 	 0.1848259315218037 	 1.3428355780908952 	 2.6213958317544694 
0.7727727727727728 	 0.18095245098770363 	 1.3389586896050965 	 2.6175151796237195 
0.7767767767767768 	 0.17707899175212205 	 1.335081822446682 	 2.6136345488536605 
0.7807807807807807 	 0.17320555381727942 	 1.331204976615652 	 2.609753939446513 
0.7847847847847848 	 0.1693321371765144 	 1.3273281521120062 	 2.605873351397836 
0.7887887887887888 	 0.16545874183204745 	 1.3234513489335242 	 2.60199278470985 
0.7927927927927928 	 0.16158536778387855 	 1.3195745670824266 	 2.5981122393803346 
0.7967967967967968 	 0.15771201503422816 	 1.3156978065587133 	 2.59423171541151 
0.8008008008008008 	 0.15383868357865538 	 1.3118210673601638 	 2.5903512128033768 
0.8048048048048048 	 0.1499653734171602 	 1.3079443494867782 	 2.586470731549273 
0.8088088088088088 	 0.1460920845519631 	 1.3040676529385564 	 2.5825902716580806 
0.8128128128128128 	 0.1422188169808436 	 1.3001909777154985 	 2.5787098331231384 
0.8168168168168168 	 0.1383455707038017 	 1.296314323815384 	 2.5748294159444463 
0.8208208208208209 	 0.13447234572305788 	 1.2924376912404334 	 2.5709490201242247 
0.8248248248248248 	 0.13059914203639167 	 1.2885610799906466 	 2.567068645664694 
0.8288288288288288 	 0.12672595964380307 	 1.2846844900660237 	 2.563188292559193 
0.8328328328328328 	 0.12285279854307163 	 1.2808079214643442 	 2.5593079608121627 
0.8368368368368369 	 0.11897965873863825 	 1.276931374185608 	 2.5554276504213824 
0.8408408408408409 	 0.11510654022384159 	 1.273054848227595 	 2.551547361384632 
0.8448448448448449 	 0.11123344300534299 	 1.2691783435969661 	 2.547667093708572 
0.8488488488488488 	 0.10736036707648111 	 1.2653018602870603 	 2.543786847386542 
0.8528528528528528 	 0.1034873124394764 	 1.2614253982978774 	 2.539906622418542 
0.8568568568568569 	 0.09961427909876974 	 1.2575489576338583 	 2.536026418809012 
0.8608608608608609 	 0.09574126704769981 	 1.2536725382905622 	 2.532146236553512 
0.8648648648648649 	 0.09186827628404615 	 1.2497961402657687 	 2.5282660756476005 
0.8688688688688688 	 0.08799530681669054 	 1.2459197635683594 	 2.52438593610238 
0.8728728728728729 	 0.08412235863897166 	 1.2420434081894527 	 2.5205058179111894 
0.8768768768768769 	 0.0802494317508895 	 1.2381670741290485 	 2.516625721071808 
0.8808808808808809 	 0.07637652615244406 	 1.2342907613893672 	 2.5127456455842356 
0.8848848848848849 	 0.07250364184807623 	 1.2304144699726294 	 2.508865591455134 
0.8888888888888888 	 0.06863077883112467 	 1.226538199874394 	 2.504985558675621 
0.8928928928928929 	 0.06475793710603028 	 1.2226619510968817 	 2.501105547252358 
0.8968968968968969 	 0.06088511666613172 	 1.2187857236378719 	 2.497225557178684 
0.9009009009009009 	 0.05701231751809033 	 1.2149095174973645 	 2.493345588456819 
0.9049049049049049 	 0.05313953965968565 	 1.2110333326775802 	 2.4894656410889837 
0.908908908908909 	 0.049266783086476806 	 1.207157169174078 	 2.4855857150729577 
0.9129129129129129 	 0.04539404780290468 	 1.2032810269890781 	 2.481705810408741 
0.9169169169169169 	 0.041521333808969274 	 1.1994049061248013 	 2.477825927096333 
0.9209209209209209 	 0.03764864110245014 	 1.1955288065768066 	 2.4739460651335143 
0.924924924924925 	 0.03377596968556773 	 1.1916527283473144 	 2.4700662245225047 
0.928928928928929 	 0.0299033195516607 	 1.1877766714341043 	 2.466186405261084 
0.9329329329329329 	 0.02603069070739039 	 1.1839006358393966 	 2.462306607351472 
0.9369369369369369 	 0.02215808314831591 	 1.180024621560971 	 2.458426830791449 
0.9409409409409409 	 0.018285496876657703 	 1.1761486285988276 	 2.454547075581015 
0.944944944944945 	 0.01441293189241577 	 1.1722726569529662 	 2.4506673417201696 
0.948948948948949 	 0.010540388193369665 	 1.168396706623387 	 2.446787629208913 
0.9529529529529529 	 0.006667865781739835 	 1.1645207776100897 	 2.442907938047245 
0.9569569569569569 	 0.002795364648644494 	 1.1606448699086336 	 2.439028268230725 
0.960960960960961 	 -0.0010771151925936806 	 1.1567689835279005 	 2.4351486197660144 
0.964964964964965 	 -0.004949573750856473 	 1.1528931184590085 	 2.431268992648672 
0.968968968968969 	 -0.008822011023923437 	 1.1490172747063987 	 2.4273893868786978 
0.972972972972973 	 -0.01269442701401502 	 1.14514145226563 	 2.423509802456092 
0.9769769769769769 	 -0.016566821718910774 	 1.141265651138923 	 2.4196302393808544 
0.980980980980981 	 -0.0204391951386107 	 1.1373898713307184 	 2.415750697657426 
0.984984984984985 	 -0.024311547275335244 	 1.133514112834355 	 2.4118711772769252 
0.988988988988989 	 -0.028183878133525297 	 1.1296383756476125 	 2.407991678239352 
0.992992992992993 	 -0.03205618770207863 	 1.1257626597793724 	 2.404112200555808 
0.996996996996997 	 -0.03592847598987703 	 1.121886965220753 	 2.400232744212971 
1.001001001001001 	 -0.03980074299692049 	 1.1180112919739749 	 2.3963533092175027 
1.005005005005005 	 -0.043672988718768124 	 1.1141356400434788 	 2.392473895567182 
1.009009009009009 	 -0.04754521316208127 	 1.110260009420383 	 2.3885945032620093 
1.013013013013013 	 -0.05141741632019858 	 1.1063844001135692 	 2.384715132304205 
1.017017017017017 	 -0.05528959819978141 	 1.1025088121163762 	 2.380835782689328 
1.021021021021021 	 -0.0591617587986093 	 1.098633245428804 	 2.3769564544173782 
1.025025025025025 	 -0.0630338981144618 	 1.0947577000530728 	 2.3730771474905765 
1.029029029029029 	 -0.06690601614733893 	 1.090882175989183 	 2.369197861911143 
1.033033033033033 	 -0.07077811290168157 	 1.0870066732349137 	 2.3653185976724167 
1.037037037037037 	 -0.07465018837748971 	 1.0831311917924857 	 2.3614393547766177 
1.0410410410410411 	 -0.07852224257254292 	 1.079255731657458 	 2.357560133223746 
1.045045045045045 	 -0.08239427548906164 	 1.0753802928342715 	 2.3536809330160224 
1.049049049049049 	 -0.08626628712482542 	 1.0715048753184853 	 2.3498017541490057 
1.053053053053053 	 -0.09013827748205472 	 1.0676294791123198 	 2.3459225966249164 
1.057057057057057 	 -0.09401024655852908 	 1.0637541042179954 	 2.3420434604437546 
1.0610610610610611 	 -0.09788219435646894 	 1.0598787506310714 	 2.3381643456032997 
1.065065065065065 	 -0.10175412087809477 	 1.0560034183515477 	 2.334285252105772 
1.0690690690690692 	 -0.10562602612340655 	 1.0521281073772037 	 2.3304061799467313 
1.073073073073073 	 -0.10949791008574294 	 1.048252817714701 	 2.326527129132838 
1.077077077077077 	 -0.11336977277398574 	 1.0443775493595986 	 2.3226480996552112 
1.0810810810810811 	 -0.1172416141859145 	 1.0405023023074556 	 2.3187690915205117 
1.085085085085085 	 -0.12111343431708832 	 1.0366270765693741 	 2.314890104726519 
1.0890890890890892 	 -0.12498523317638899 	 1.0327518721320317 	 2.311011139271013 
1.093093093093093 	 -0.12885701075493472 	 1.0288766890065304 	 2.3071321951584345 
1.097097097097097 	 -0.13272876705938685 	 1.025001527181768 	 2.303253272382122 
1.1011011011011012 	 -0.1366005020853045 	 1.021126386668847 	 2.2993743709465164 
1.105105105105105 	 -0.140472215839349 	 1.0172512674566647 	 2.2954954908493974 
1.1091091091091092 	 -0.144343908314859 	 1.0133761695518828 	 2.291616632090765 
1.1131131131131131 	 -0.1482155795162754 	 1.0095010929545012 	 2.287737794670619 
1.117117117117117 	 -0.1520872294435982 	 1.0056260376578585 	 2.2838589785889596 
1.1211211211211212 	 -0.1559588580968274 	 1.0017510036686161 	 2.2799801838457867 
1.125125125125125 	 -0.15983046547596302 	 0.9978759909823331 	 2.2761014104366595 
1.1291291291291292 	 -0.1637020515787846 	 0.99400099960123 	 2.2722226583682392 
1.1331331331331331 	 -0.16757361640751256 	 0.9901260295253067 	 2.2683439276383055 
1.137137137137137 	 -0.17144515996436738 	 0.9862510807501224 	 2.2644652182424174 
1.1411411411411412 	 -0.17531668224490815 	 0.9823761532823383 	 2.260586530185016 
1.145145145145145 	 -0.17918818325579622 	 0.9785012471130727 	 2.25670786346166 
1.1491491491491492 	 -0.18305966299481113 	 0.9746263622467666 	 2.25282921807457 
1.1531531531531531 	 -0.186931121457512 	 0.9707514986856403 	 2.2489505940237464 
1.157157157157157 	 -0.19080255864833973 	 0.9668766564274733 	 2.245071991311409 
1.1611611611611612 	 -0.1946739745717352 	 0.9630018354678249 	 2.2411934099286768 
1.165165165165165 	 -0.1985453692188166 	 0.9591270358133563 	 2.237314849884431 
1.1691691691691692 	 -0.2024167425962453 	 0.9552522574574063 	 2.2334363111742306 
1.1731731731731732 	 -0.20628809469958043 	 0.951377500406636 	 2.2295577938002964 
1.177177177177177 	 -0.21015942553548328 	 0.9475027646543843 	 2.2256792977581874 
1.1811811811811812 	 -0.21403073509951298 	 0.9436280502028715 	 2.221800823050124 
1.1851851851851851 	 -0.21790202339611042 	 0.9397533570498773 	 2.2179223696761063 
1.1891891891891893 	 -0.22177329041639382 	 0.9358786852020629 	 2.2140439376361343 
1.1931931931931932 	 -0.2256445361714654 	 0.9320040346505465 	 2.2101655269279874 
1.1971971971971973 	 -0.22951576065466384 	 0.9281294053997691 	 2.206287137553886 
1.2012012012012012 	 -0.23338696387043 	 0.9242547974475102 	 2.20240876951161 
1.2052052052052051 	 -0.23725814581654348 	 0.9203802107959902 	 2.1985304228011593 
1.2092092092092093 	 -0.24112930649300424 	 0.9165056454429887 	 2.194652097424754 
1.2132132132132132 	 -0.2450004458998123 	 0.9126311013885058 	 2.190773793380174 
1.2172172172172173 	 -0.24887156404140853 	 0.9087565786303209 	 2.186895510665199 
1.2212212212212212 	 -0.2527426609155725 	 0.9048820771706545 	 2.1830172492798283 
1.2252252252252251 	 -0.2566137365156429 	 0.9010075970117271 	 2.179139009230724 
1.2292292292292293 	 -0.2604847908527219 	 0.8971331381490977 	 2.175260790509004 
1.2332332332332332 	 -0.26435582392236867 	 0.8932587005827664 	 2.1713825931168884 
1.2372372372372373 	 -0.2682268357268036 	 0.8893842843127331 	 2.1675044170565982 
1.2412412412412412 	 -0.27209782626158585 	 0.8855098893389979 	 2.1636262623236924 
1.2452452452452452 	 -0.2759687955311563 	 0.8816355156637812 	 2.159748128924832 
1.2492492492492493 	 -0.27983974353329444 	 0.877761163287083 	 2.155870016853356 
1.2532532532532532 	 -0.2837106702702208 	 0.873886832202242 	 2.151991926111485 
1.2572572572572573 	 -0.2875815757397149 	 0.8700125224159194 	 2.1481138566992186 
1.2612612612612613 	 -0.2914524599462176 	 0.8661382339236745 	 2.1442358086143365 
1.2652652652652652 	 -0.2953233228875085 	 0.8622639667277276 	 2.1403577818568387 
1.2692692692692693 	 -0.2991941645635876 	 0.858389720823638 	 2.136479776426725 
1.2732732732732732 	 -0.30306498497223444 	 0.8545154962180668 	 2.132601792328437 
1.2772772772772774 	 -0.30693578412011036 	 0.8506412929043528 	 2.1287238295553124 
1.2812812812812813 	 -0.31080656200277446 	 0.8467671108869368 	 2.1248458881117926 
1.2852852852852852 	 -0.31467731862466763 	 0.8428929501591576 	 2.120967967988996 
1.2892892892892893 	 -0.3185480539769081 	 0.8390188107298968 	 2.117090069200245 
1.2932932932932932 	 -0.32241876806837766 	 0.8351446925924932 	 2.113212191734437 
1.2972972972972974 	 -0.3262894608990763 	 0.8312705957447264 	 2.1093343355937932 
1.3013013013013013 	 -0.3301601324645631 	 0.8273965201932576 	 2.1054565007805337 
1.3053053053053052 	 -0.33403078276705855 	 0.8235224659358664 	 2.101578687296879 
1.3093093093093093 	 -0.3379014118087831 	 0.819648432968112 	 2.097700895133947 
1.3133133133133132 	 -0.34177201958751624 	 0.8157744212922147 	 2.0938231242983996 
1.3173173173173174 	 -0.3456426061076989 	 0.8119004309081745 	 2.089945374783575 
1.3213213213213213 	 -0.3495131713626698 	 0.8080264618159916 	 2.086067646598355 
1.3253253253253254 	 -0.35338371535686974 	 0.8041525140156658 	 2.082189939736079 
1.3293293293293293 	 -0.35725423809029877 	 0.8002785875071972 	 2.078312254196746 
1.3333333333333333 	 -0.3611247395651773 	 0.7964046822861448 	 2.0744345899803562 
1.3373373373373374 	 -0.36499521977928495 	 0.7925307983569496 	 2.070556947091351 
1.3413413413413413 	 -0.3688656787304012 	 0.7886569357196116 	 2.0666793255230687 
1.3453453453453454 	 -0.37273611642518745 	 0.7847830943696898 	 2.0628017252777298 
1.3493493493493494 	 -0.3766065328569823 	 0.7809092743116253 	 2.0589241463553343 
1.3533533533533533 	 -0.3804769280302267 	 0.7770354755431974 	 2.0550465887581026 
1.3573573573573574 	 -0.38434730194714106 	 0.7731616980621858 	 2.0511690524793735 
1.3613613613613613 	 -0.38821765460106405 	 0.769287941870811 	 2.0472915375258083 
1.3653653653653655 	 -0.39208798600087746 	 0.7654142069668524 	 2.0434140438907455 
1.3693693693693694 	 -0.39595829613991995 	 0.7615404933525305 	 2.0395365715786262 
1.3733733733733733 	 -0.39982858502041196 	 0.7576668010256249 	 2.0356591205894503 
1.3773773773773774 	 -0.40369885264457395 	 0.7537931299861356 	 2.031781690918777 
1.3813813813813813 	 -0.40756909901018545 	 0.749919480236283 	 2.027904282571047 
1.3853853853853855 	 -0.4114393241172465 	 0.7460458517716262 	 2.0240268955418195 
1.3893893893893894 	 -0.4153095279679775 	 0.7421722445966061 	 2.0201495298355354 
1.3933933933933933 	 -0.4191797105645989 	 0.7382986587045615 	 2.0162721854455334 
1.3973973973973974 	 -0.42304987190266985 	 0.7344250940999331 	 2.012394862378475 
1.4014014014014013 	 -0.4269200119821903 	 0.7305515507849414 	 2.008517560629919 
1.4054054054054055 	 -0.4307901308076012 	 0.7266780287529251 	 2.0046402801998653 
1.4094094094094094 	 -0.43466022838112295 	 0.7228045280061046 	 2.000763021086094 
1.4134134134134133 	 -0.4385303046938738 	 0.7189310485467004 	 1.9968857832952658 
1.4174174174174174 	 -0.44240035975473546 	 0.7150575903702716 	 1.9930085668207198 
1.4214214214214214 	 -0.4462703935570467 	 0.7111841534834795 	 1.9891313716668968 
1.4254254254254255 	 -0.4501404061096892 	 0.7073107378752219 	 1.9852541978271354 
1.4294294294294294 	 -0.4540103974060017 	 0.7034373435543806 	 1.9813770453058765 
1.4334334334334333 	 -0.45788036744598415 	 0.6995639705187351 	 1.9774999141031202 
1.4374374374374375 	 -0.4617503162362979 	 0.6956906187638445 	 1.9736228042144255 
1.4414414414414414 	 -0.46562024377028166 	 0.6918172882941498 	 1.9697457156442333 
1.4454454454454455 	 -0.4694901500545967 	 0.68794397910521 	 1.9658686483903232 
1.4494494494494494 	 -0.4733600350803613 	 0.6840706912036865 	 1.9619916024549156 
1.4534534534534536 	 -0.47722989885645717 	 0.6801974245829179 	 1.9581145778335696 
1.4574574574574575 	 -0.48109974137844347 	 0.6763241792451247 	 1.9542375745262852 
1.4614614614614614 	 -0.48496956264854063 	 0.6724509551903068 	 1.9503605925375034 
1.4654654654654655 	 -0.48883936266674866 	 0.668577752416244 	 1.9464836318627832 
1.4694694694694694 	 -0.492709141435288 	 0.664704570922936 	 1.9426066925021246 
1.4734734734734736 	 -0.49657889894971774 	 0.6608314107126034 	 1.938729774457748 
1.4774774774774775 	 -0.5004486352144788 	 0.6569582717830258 	 1.9348528777252127 
1.4814814814814814 	 -0.5043183502273507 	 0.6530851541342031 	 1.9309760023089595 
1.4854854854854855 	 -0.508188043990554 	 0.6492120577661353 	 1.9270991482045474 
1.4894894894894894 	 -0.512057716501868 	 0.645338982681043 	 1.9232223154164174 
1.4934934934934936 	 -0.5159273677635134 	 0.6414659288722646 	 1.9193455039401286 
1.4974974974974975 	 -0.5197969977754902 	 0.6375928963464617 	 1.915468713775681 
1.5015015015015014 	 -0.5236666065377982 	 0.6337198850991932 	 1.9115919449275154 
1.5055055055055055 	 -0.527536194052658 	 0.6298468951304592 	 1.90771519738675 
1.5095095095095095 	 -0.5314057603156286 	 0.6259739264424802 	 1.903838471162267 
1.5135135135135136 	 -0.535275305331151 	 0.6221009790308152 	 1.8999617662474044 
1.5175175175175175 	 -0.5391448290992251 	 0.6182280528976847 	 1.8960850826466036 
1.5215215215215214 	 -0.5430143316154101 	 0.6143551480475296 	 1.892208420357644 
1.5255255255255256 	 -0.5468838128885878 	 0.6104822644692476 	 1.8883317793760845 
1.5295295295295295 	 -0.5507532729076559 	 0.606609402173941 	 1.8844551597085868 
1.5335335335335336 	 -0.5546227116837166 	 0.6027365611549484 	 1.8805785613507098 
1.5375375375375375 	 -0.558492129212329 	 0.5988637414100495 	 1.8767019843024535 
1.5415415415415414 	 -0.5623615254934933 	 0.5949909429459055 	 1.8728254285660384 
1.5455455455455456 	 -0.5662309005249888 	 0.5911181657580755 	 1.8689488941414645 
1.5495495495495495 	 -0.570100254313477 	 0.5872454098443392 	 1.8650723810220704 
1.5535535535535536 	 -0.5739695868567374 	 0.5833726752069168 	 1.861195889212297 
1.5575575575575575 	 -0.5778388981503291 	 0.579499961848029 	 1.857319418714365 
1.5615615615615615 	 -0.5817081882009134 	 0.5756272697610143 	 1.853442969523833 
1.5655655655655656 	 -0.5855774570040495 	 0.5717545989547546 	 1.849566541642922 
1.5695695695695695 	 -0.5894467045619578 	 0.567881949420368 	 1.845690135069411 
1.5735735735735736 	 -0.5933159308768587 	 0.564009321160075 	 1.8418137498033005 
1.5775775775775776 	 -0.5971851359465319 	 0.560136714176096 	 1.8379373858468107 
1.5815815815815817 	 -0.6010543197709772 	 0.5562641284662107 	 1.8340610431955007 
1.5855855855855856 	 -0.6049234823546357 	 0.5523915640281984 	 1.830184721851591 
1.5895895895895895 	 -0.6087926236886254 	 0.5485190208687207 	 1.826308421817302 
1.5935935935935936 	 -0.6126617437840487 	 0.5446464989788957 	 1.8224321430859725 
1.5975975975975976 	 -0.6165308426342442 	 0.5407739983631643 	 1.8185558856642636 
1.6016016016016017 	 -0.6203999202414323 	 0.5369015190215265 	 1.8146796495477346 
1.6056056056056056 	 -0.6242689766056131 	 0.5330290609517618 	 1.8108034347363855 
1.6096096096096095 	 -0.628138011729007 	 0.5291566241538703 	 1.8069272412324366 
1.6136136136136137 	 -0.632007025607173 	 0.5252842086300724 	 1.8030510690336676 
1.6176176176176176 	 -0.6358760182445522 	 0.5214118143781477 	 1.799174918137858 
1.6216216216216217 	 -0.6397449896411445 	 0.5175394413958756 	 1.7952987885494487 
1.6256256256256256 	 -0.6436139397947294 	 0.5136670896876971 	 1.7914226802639988 
1.6296296296296295 	 -0.6474828687097478 	 0.509794759246951 	 1.7875465932815082 
1.6336336336336337 	 -0.6513517763817589 	 0.5059224500802983 	 1.783670527606418 
1.6376376376376376 	 -0.6552206628107626 	 0.5020501621855189 	 1.7797944832342871 
1.6416416416416417 	 -0.6590895280034204 	 0.4981778955581717 	 1.7759184601628952 
1.6456456456456456 	 -0.6629583719552912 	 0.4943056502026977 	 1.7720424583966832 
1.6496496496496496 	 -0.6668271946641546 	 0.49043342611687635 	 1.768166477935651 
1.6536536536536537 	 -0.6706959961366721 	 0.4865612233007077 	 1.7642905187753577 
1.6576576576576576 	 -0.6745647763706231 	 0.48268904175197136 	 1.7604145809158034 
1.6616616616616617 	 -0.6784335353615667 	 0.47881688147510815 	 1.7565386643636494 
1.6656656656656657 	 -0.6823022731161643 	 0.4749447424656772 	 1.7526627691077934 
1.6696696696696696 	 -0.6861709896321955 	 0.4710726247236785 	 1.7487868951571173 
1.6736736736736737 	 -0.6900396849096602 	 0.4672005282513325 	 1.7449110425049597 
1.6776776776776776 	 -0.6939083589485584 	 0.46332845304863923 	 1.7410352111557614 
1.6816816816816818 	 -0.6977770117488902 	 0.45945639911115776 	 1.7371594011095226 
1.6856856856856857 	 -0.7016456433150964 	 0.45558436644110856 	 1.7332836123595818 
1.6896896896896898 	 -0.7055142536405157 	 0.45171235504071205 	 1.7294078449126005 
1.6936936936936937 	 -0.709382842729589 	 0.44784036490552737 	 1.725532098766358 
1.6976976976976976 	 -0.7132514105845367 	 0.4439683960355545 	 1.7216563739186341 
1.7017017017017018 	 -0.7171199571986975 	 0.4400964484352343 	 1.7177806703716492 
1.7057057057057057 	 -0.7209884825787327 	 0.4362245221023464 	 1.7139049881231827 
1.7097097097097098 	 -0.7248569867246424 	 0.4323526170302294 	 1.7100293271732347 
1.7137137137137137 	 -0.7287254696319856 	 0.42848073322776514 	 1.7061536875240257 
1.7177177177177176 	 -0.7325939313052032 	 0.42460887068829223 	 1.7022780691711148 
1.7217217217217218 	 -0.7364623717442953 	 0.4207370294162516 	 1.6984024721167224 
1.7257257257257257 	 -0.7403307909470414 	 0.4168652094072023 	 1.6945268963608484 
1.7297297297297298 	 -0.7441991889134414 	 0.41299341066558526 	 1.6906513419057134 
1.7337337337337337 	 -0.7480675656479363 	 0.40912163318473915 	 1.6867758087424356 
1.7377377377377377 	 -0.7519359211483057 	 0.40524987696910486 	 1.6829002968798967 
1.7417417417417418 	 -0.7558042554145494 	 0.40137814201646194 	 1.679024806313656 
1.7457457457457457 	 -0.7596725684466676 	 0.39750642833125127 	 1.6751493370437132 
1.7497497497497498 	 -0.7635408602468807 	 0.3936347359045911 	 1.6712738890700685 
1.7537537537537538 	 -0.7674091308129682 	 0.38976306474536315 	 1.6673984623949423 
1.7577577577577577 	 -0.7712773801471506 	 0.3858914148446857 	 1.6635230570116732 
1.7617617617617618 	 -0.775145608244987 	 0.3820197862114405 	 1.6596476729291432 
1.7657657657657657 	 -0.7790138151153592 	 0.37814817883452534 	 1.6557723101362498 
1.7697697697697699 	 -0.7828820007516057 	 0.374276592722822 	 1.651896968641875 
1.7737737737737738 	 -0.7867501651559472 	 0.37040502787411 	 1.6480216484415777 
1.7777777777777777 	 -0.7906183083283835 	 0.3665334842839485 	 1.644146349535358 
1.7817817817817818 	 -0.7944864302711352 	 0.36266196195677836 	 1.6402710719254365 
1.7857857857857857 	 -0.7983545309819817 	 0.35879046089037914 	 1.6363958156095926 
1.7897897897897899 	 -0.8022226104631436 	 0.35491898108475084 	 1.6325205805833853 
1.7937937937937938 	 -0.8060906687124003 	 0.35104752253989346 	 1.6286453668556966 
1.7977977977977977 	 -0.8099587057297519 	 0.34717608525358656 	 1.6247701744176446 
1.8018018018018018 	 -0.8138267215196393 	 0.3433046692280506 	 1.6208950032758906 
1.8058058058058057 	 -0.817694716079842 	 0.33943327446328553 	 1.6170198534237734 
1.8098098098098099 	 -0.82156268941036 	 0.33556190095707095 	 1.6131447248657338 
1.8138138138138138 	 -0.8254306415156343 	 0.3316905487071864 	 1.609269617597331 
1.817817817817818 	 -0.8292985723845625 	 0.3278192177202932 	 1.605394531625226 
1.8218218218218218 	 -0.833166482028247 	 0.3239479079919505 	 1.601519466942758 
1.8258258258258258 	 -0.8370343704444672 	 0.3200766195199378 	 1.597644423552147 
1.82982982982983 	 -0.8409022376332231 	 0.31620535230425517 	 1.5937694014511727 
1.8338338338338338 	 -0.8447700835922944 	 0.31233410634934344 	 1.5898944006420557 
1.837837837837838 	 -0.848637908326122 	 0.30846288165076174 	 1.5860194211225753 
1.8418418418418419 	 -0.8525057118302648 	 0.3045916782107305 	 1.5821444628971726 
1.8458458458458458 	 -0.8563734941069434 	 0.3007204960270293 	 1.5782695259591861 
1.84984984984985 	 -0.8602412551583782 	 0.29684933509965816 	 1.5743946103108364 
1.8538538538538538 	 -0.8641089949823488 	 0.292978195428617 	 1.5705197159521234 
1.857857857857858 	 -0.8679767135832961 	 0.2891070770139059 	 1.566644842883047 
1.8618618618618619 	 -0.8718444109545587 	 0.28523597985552485 	 1.562769991101387 
1.8658658658658658 	 -0.8757120871005775 	 0.2813649039534738 	 1.5588951606115842 
1.86986986986987 	 -0.8795797420235729 	 0.2774938493033119 	 1.5550203514069771 
1.8738738738738738 	 -0.8834473757191041 	 0.2736228159139209 	 1.5511455634942273 
1.877877877877878 	 -0.8873149881893916 	 0.2697518037741986 	 1.5472707968666732 
1.8818818818818819 	 -0.8911825794366557 	 0.26588081289080634 	 1.5433960515265355 
1.8858858858858858 	 -0.895050149458676 	 0.2620098432637441 	 1.5395213274760344 
1.88988988988989 	 -0.898917698257673 	 0.25813889489079145 	 1.5356466247129497 
1.8938938938938938 	 -0.9027852258314262 	 0.2542679677675075 	 1.5317719432350607 
1.897897897897898 	 -0.906652732182156 	 0.25039706190055355 	 1.5278972830423676 
1.901901901901902 	 -0.9105202173098625 	 0.2465261772877092 	 1.5240226441393112 
1.9059059059059058 	 -0.9143876812145457 	 0.242655313926754 	 1.5201480265192302 
1.90990990990991 	 -0.9182551238939851 	 0.23878447181990836 	 1.5162734301910064 
1.9139139139139139 	 -0.9221225453548421 	 0.23491365096273142 	 1.512398855141317 
1.917917917917918 	 -0.9259899455904552 	 0.23104285136188452 	 1.5085243013812644 
1.921921921921922 	 -0.9298573246052655 	 0.2271720730107063 	 1.5046497689041871 
1.9259259259259258 	 -0.9337246823970524 	 0.22330131590919677 	 1.5007752577123057 
1.92992992992993 	 -0.9375920189680365 	 0.21943058006401728 	 1.4969007678078405 
1.9339339339339339 	 -0.9414593343182176 	 0.21555986546628603 	 1.4930262991841303 
1.937937937937938 	 -0.9453266284475959 	 0.2116891721204439 	 1.489151851845616 
1.941941941941942 	 -0.9491939013561712 	 0.2078185000242705 	 1.485277425790077 
1.945945945945946 	 -0.9530611530417232 	 0.20394784918220665 	 1.4814030210219542 
1.94994994994995 	 -0.9569283835086928 	 0.20007721958759106 	 1.4775286375345864 
1.9539539539539539 	 -0.9607955927593004 	 0.1962066112404237 	 1.4736542753279736 
1.957957957957958 	 -0.9646627807846642 	 0.19233602414736595 	 1.4697799344065565 
1.961961961961962 	 -0.968529947593666 	 0.18846545830175643 	 1.4659056147681149 
1.965965965965966 	 -0.9723970931840853 	 0.1845949137058156 	 1.4620313164082077 
1.96996996996997 	 -0.9762642175537017 	 0.18072439035732302 	 1.4581570393334964 
1.973973973973974 	 -0.9801313207047357 	 0.17685388825849913 	 1.45428278353954 
1.977977977977978 	 -0.9839984026371873 	 0.17298340740934393 	 1.450408549028559 
1.981981981981982 	 -0.9878654633532769 	 0.16911294780541652 	 1.4465343357961125 
1.985985985985986 	 -0.9917325028530044 	 0.16524250944893737 	 1.4426601438444209 
1.98998998998999 	 -0.9955995211319291 	 0.1613720923421269 	 1.4387859731757047 
1.993993993993994 	 -0.9994665181944917 	 0.15750169648276469 	 1.434911823785523 
1.997997997997998 	 -1.0033334940406924 	 0.15363132186863027 	 1.4310376956760962 
2.002002002002002 	 -1.0072004486683106 	 0.14976096850416454 	 1.4271635888474243 
2.006006006006006 	 -1.0110673820817873 	 0.14589063638270616 	 1.423289503297287 
2.01001001001001 	 -1.0149342942766815 	 0.14202032551091648 	 1.4194154390279046 
2.014014014014014 	 -1.0188011852574341 	 0.13815003588213415 	 1.4155413960348362 
2.018018018018018 	 -1.0226680550218248 	 0.13427976750080006 	 1.4116673743225228 
2.022022022022022 	 -1.0265349035698534 	 0.13040952036469378 	 1.4077933738887438 
2.026026026026026 	 -1.0304017309037405 	 0.12653929447159484 	 1.403919394731279 
2.03003003003003 	 -1.034268537023486 	 0.12266908982594416 	 1.4000454368523485 
2.034034034034034 	 -1.0381353219246492 	 0.11879890642552127 	 1.396171500254173 
2.038038038038038 	 -1.0420020856161116 	 0.11492874426588529 	 1.3922975849300911 
2.042042042042042 	 -1.0458688280889916 	 0.11105860335369755 	 1.3884236908867642 
2.046046046046046 	 -1.049735549352171 	 0.10718848368451717 	 1.3845498181153104 
2.05005005005005 	 -1.0536022493989883 	 0.10331838525834414 	 1.3806759666246116 
2.054054054054054 	 -1.0574689282338845 	 0.09944830807517846 	 1.3768021364080063 
2.058058058058058 	 -1.0613355858546392 	 0.09557825213724058 	 1.3729283274699355 
2.062062062062062 	 -1.0652022222634727 	 0.09170821744008961 	 1.3690545398059584 
2.066066066066066 	 -1.0690688374603852 	 0.08783820398372555 	 1.3651807734160748 
2.07007007007007 	 -1.072935431443156 	 0.08396821177480973 	 1.3613070283047257 
2.074074074074074 	 -1.0768020042140058 	 0.08009824080446037 	 1.3574333044674702 
2.078078078078078 	 -1.080668555775155 	 0.07622829107489792 	 1.353559601902088 
2.0820820820820822 	 -1.084535086124383 	 0.07235836258834283 	 1.34968592061524 
2.086086086086086 	 -1.08840159526169 	 0.06848845534257464 	 1.3458122606002654 
2.09009009009009 	 -1.0922680831848552 	 0.0646185693398138 	 1.3419386218616047 
2.094094094094094 	 -1.0961345499005404 	 0.06074870457561943 	 1.3380650043948172 
2.098098098098098 	 -1.1000009954065249 	 0.056878861049991514 	 1.3341914082021233 
2.1021021021021022 	 -1.1038674196983678 	 0.0530090387695914 	 1.330317833283523 
2.106106106106106 	 -1.1077338227827305 	 0.0491392377255373 	 1.326444279636796 
2.11011011011011 	 -1.111600204659613 	 0.04526945792004966 	 1.322570747261942 
2.114114114114114 	 -1.1154665653223539 	 0.041399699357569375 	 1.318697236163402 
2.118118118118118 	 -1.119332904779835 	 0.03752996203365555 	 1.3148237463345147 
2.1221221221221223 	 -1.1231992230276155 	 0.03366024594608774 	 1.3109502777752802 
2.126126126126126 	 -1.1270655200656954 	 0.02979055109930684 	 1.3070768304901392 
2.13013013013013 	 -1.1309317958940746 	 0.025920877491092398 	 1.3032034044768714 
2.134134134134134 	 -1.134798050517194 	 0.022051225117003526 	 1.2993299997332564 
2.1381381381381384 	 -1.1386642839306127 	 0.018181593985922007 	 1.2954566162615144 
2.1421421421421423 	 -1.1425304961387717 	 0.01431198408674561 	 1.2915832540594252 
2.146146146146146 	 -1.14639668713723 	 0.010442395428356122 	 1.2877099131269887 
2.15015015015015 	 -1.150262856928208 	 0.006572828008533094 	 1.2838365934686458 
2.154154154154154 	 -1.1541290055161468 	 0.002703281822835635 	 1.2799632950755147 
2.1581581581581584 	 -1.157995132894385 	 -0.001166243126515809 	 1.2760900179542567 
2.1621621621621623 	 -1.1618612390651428 	 -0.005035746837300792 	 1.272216762104872 
2.166166166166166 	 -1.1657273240328614 	 -0.008905229313960206 	 1.2683435275184785 
2.17017017017017 	 -1.1695933877930997 	 -0.012774690554273604 	 1.2644703142061786 
2.174174174174174 	 -1.1734594303458579 	 -0.016644130558240988 	 1.260597122161311 
2.1781781781781784 	 -1.1773254516977971 	 -0.02051354933030325 	 1.2567239513816553 
2.1821821821821823 	 -1.1811914518422562 	 -0.02438294686379905 	 1.2528508018738727 
2.186186186186186 	 -1.1850574307814554 	 -0.02825232316316928 	 1.2489776736290814 
2.19019019019019 	 -1.1889233885176154 	 -0.03212167823063439 	 1.2451045666539429 
2.194194194194194 	 -1.192789325050736 	 -0.03599101206175348 	 1.241231480948457 
2.1981981981981984 	 -1.1966552403785968 	 -0.03986032466096745 	 1.2373584165059626 
2.2022022022022023 	 -1.2005211345034184 	 -0.04372961602605585 	 1.2334853733309004 
2.206206206206206 	 -1.20438700742298 	 -0.04759888615701868 	 1.2296123514254909 
2.21021021021021 	 -1.2082528591395025 	 -0.051468135053855946 	 1.2257393507830727 
2.214214214214214 	 -1.212118689655206 	 -0.055337362718788086 	 1.2218663714080868 
2.2182182182182184 	 -1.2159844989656499 	 -0.0592065691518151 	 1.2179934133005332 
2.2222222222222223 	 -1.2198502870752748 	 -0.06307575435071655 	 1.2141204764537505 
2.2262262262262262 	 -1.2237160539818603 	 -0.06694491831993332 	 1.2102475608766206 
2.23023023023023 	 -1.227581799687627 	 -0.07081406105502452 	 1.206374666562482 
2.234234234234234 	 -1.2314475241925749 	 -0.0746831825626515 	 1.2025017935091142 
2.2382382382382384 	 -1.2353132274944834 	 -0.0785522828361529 	 1.1986289417253992 
2.2422422422422423 	 -1.239178909595573 	 -0.08242136187552873 	 1.1947561112046756 
2.2462462462462462 	 -1.2430445704980642 	 -0.08629041968966078 	 1.190883301944723 
2.25025025025025 	 -1.246910210197516 	 -0.0901594562718877 	 1.187010513949982 
2.254254254254254 	 -1.2507758286983695 	 -0.09402847162220951 	 1.183137747220453 
2.2582582582582584 	 -1.254641425998404 	 -0.09789746574506708 	 1.1792650017516948 
2.2622622622622623 	 -1.2585070020976197 	 -0.10176643863601953 	 1.1753922775481485 
2.2662662662662663 	 -1.262372556998237 	 -0.1056353902972873 	 1.171519574605373 
2.27027027027027 	 -1.2662380907002557 	 -0.10950432073109084 	 1.1676468929233685 
2.274274274274274 	 -1.2701036032014557 	 -0.11337322993520971 	 1.1637742325065759 
2.2782782782782784 	 -1.2739690945062776 	 -0.11724211791186434 	 1.1599015933483336 
2.2822822822822824 	 -1.2778345646102807 	 -0.12111098465661385 	 1.1560289754530828 
2.2862862862862863 	 -1.2817000135201262 	 -0.12497983017834002 	 1.1521563788163824 
2.29029029029029 	 -1.2855654412269324 	 -0.12884865446816107 	 1.148283803444894 
2.294294294294294 	 -1.289430847739581 	 -0.13271745753273834 	 1.1444112493297354 
2.2982982982982985 	 -1.2932962330536313 	 -0.13658623936985137 	 1.1405387164797887 
2.3023023023023024 	 -1.2971615971713035 	 -0.14045499997950017 	 1.136666204886172 
2.3063063063063063 	 -1.3010269400925978 	 -0.14432373936168474 	 1.1327937145533262 
2.31031031031031 	 -1.3048922618152936 	 -0.14819245751862553 	 1.128921245479031 
2.314314314314314 	 -1.308757562343832 	 -0.1520611544481021 	 1.1250487976655066 
2.3183183183183185 	 -1.3126228416737717 	 -0.15592983015233486 	 1.1211763711105327 
2.3223223223223224 	 -1.316488099809554 	 -0.1597984846291034 	 1.1173039658163297 
2.3263263263263263 	 -1.3203533367511788 	 -0.16366711788506905 	 1.1134315817762364 
2.33033033033033 	 -1.3242185524942052 	 -0.16753572990912957 	 1.1095592189991343 
2.334334334334334 	 -1.3280837470452944 	 -0.17140432071460765 	 1.105686877476142 
2.3383383383383385 	 -1.3319489203977852 	 -0.17527289029040105 	 1.1018145572139204 
2.3423423423423424 	 -1.3358140725605594 	 -0.17914143864539156 	 1.0979422582058085 
2.3463463463463463 	 -1.3396792035269556 	 -0.18300996577513828 	 1.0940699804584675 
2.3503503503503502 	 -1.3435443132991942 	 -0.18687847167964122 	 1.090197723965236 
2.354354354354354 	 -1.3474094018772753 	 -0.19074695636112082 	 1.0863254887305551 
2.3583583583583585 	 -1.3512744692634193 	 -0.19461541982179753 	 1.0824532747499838 
2.3623623623623624 	 -1.3551395154531853 	 -0.19848386205501 	 1.0785810820279629 
2.3663663663663663 	 -1.3590045404510143 	 -0.2023522830674196 	 1.074708910562272 
2.3703703703703702 	 -1.3628695442591265 	 -0.20622068285902628 	 1.0708367603506908 
2.374374374374374 	 -1.3667345268730813 	 -0.21008906142760964 	 1.066964631393219 
2.3783783783783785 	 -1.370599488295099 	 -0.2139574187709492 	 1.0630925236942979 
2.3823823823823824 	 -1.3744644285251795 	 -0.21782575489570632 	 1.0592204372472658 
2.3863863863863863 	 -1.3783293475611025 	 -0.2216940697974401 	 1.0553483720565637 
2.3903903903903903 	 -1.3821942454095293 	 -0.225562363478371 	 1.0514763281199713 
2.3943943943943946 	 -1.386059122066019 	 -0.22943063594071944 	 1.047604305435268 
2.3983983983983985 	 -1.3899239775305716 	 -0.2332988871778241 	 1.0437323040068947 
2.4024024024024024 	 -1.3937888118031871 	 -0.2371671171963463 	 1.039860323832631 
2.4064064064064064 	 -1.3976536248883065 	 -0.24103532599628608 	 1.035988364908036 
2.4104104104104103 	 -1.4015184167837091 	 -0.24490351357542295 	 1.032116427239771 
2.4144144144144146 	 -1.4053831874871747 	 -0.24877167993375693 	 1.0282445108211746 
2.4184184184184185 	 -1.409247937003144 	 -0.25263982507350846 	 1.024372615656688 
2.4224224224224224 	 -1.4131126653271764 	 -0.25650794899467755 	 1.0205007417463108 
2.4264264264264264 	 -1.4169773724637125 	 -0.26037605169504374 	 1.0166288890856023 
2.4304304304304303 	 -1.4208420584127524 	 -0.26424413317904794 	 1.012757057676783 
2.4344344344344346 	 -1.4247067231698551 	 -0.26811219344224924 	 1.0088852475198529 
2.4384384384384385 	 -1.4285713667416822 	 -0.27198023248908854 	 1.0050134586125914 
2.4424424424424425 	 -1.432435989126013 	 -0.2758482503173454 	 1.0011416909594395 
2.4464464464464464 	 -1.4363005903206272 	 -0.2797162469270198 	 0.9972699445559563 
2.4504504504504503 	 -1.4401651703299656 	 -0.28358422232255265 	 0.9933982193977009 
2.4544544544544546 	 -1.4440297291495874 	 -0.2874521764972826 	 0.9895265154957755 
2.4584584584584586 	 -1.447894266781713 	 -0.291320109457871 	 0.9856548328435188 
2.4624624624624625 	 -1.4517587832307832 	 -0.29518802119987697 	 0.98178317143649 
2.4664664664664664 	 -1.4556232784923573 	 -0.2990559117277414 	 0.9779115312813502 
2.4704704704704703 	 -1.4594877525686556 	 -0.3029237810392438 	 0.9740399123758792 
2.4744744744744747 	 -1.4633522054574577 	 -0.3067916291343842 	 0.9701683147178564 
2.4784784784784786 	 -1.4672166371587636 	 -0.3106594560131626 	 0.9662967383095022 
2.4824824824824825 	 -1.4710810476770142 	 -0.31452726167779943 	 0.9624251831485964 
2.4864864864864864 	 -1.4749454370122095 	 -0.3183950461282947 	 0.9585536492351387 
2.4904904904904903 	 -1.4788098051576881 	 -0.32226280936020757 	 0.9546821365713498 
2.4944944944944947 	 -1.482674152122332 	 -0.32613055138241975 	 0.9508106451527887 
2.4984984984984986 	 -1.4865384779017 	 -0.3299982721904904 	 0.9469391749816758 
2.5025025025025025 	 -1.4904027824957922 	 -0.33386597177997857 	 0.9430677260602316 
2.5065065065065064 	 -1.4942670659068291 	 -0.33773365015754564 	 0.9391962983840152 
2.5105105105105103 	 -1.4981313281370312 	 -0.34160130732541205 	 0.9353248919530266 
2.5145145145145147 	 -1.5019955691819575 	 -0.34546894327691646 	 0.9314535067694862 
2.5185185185185186 	 -1.505859789041608 	 -0.3493365580142793 	 0.9275821428311737 
2.5225225225225225 	 -1.5097239877226443 	 -0.3532041515419415 	 0.9237108001380889 
2.5265265265265264 	 -1.5135881652161842 	 -0.3570717238532417 	 0.9198394786924524 
2.5305305305305303 	 -1.5174523215333302 	 -0.36093927495928213 	 0.9159681784898233 
2.5345345345345347 	 -1.5213164566652004 	 -0.3648068048467401 	 0.9120968995324219 
2.5385385385385386 	 -1.5251805706162358 	 -0.36867431352671787 	 0.9082256418202483 
2.5425425425425425 	 -1.5290446633864363 	 -0.3725418009947745 	 0.9043544053488617 
2.5465465465465464 	 -1.5329087349735815 	 -0.3764092672486896 	 0.9004831901271437 
2.5505505505505504 	 -1.5367727853798918 	 -0.3802767122951245 	 0.8966119961484331 
2.5545545545545547 	 -1.5406368146075877 	 -0.3841441361318587 	 0.8927408234105094 
2.5585585585585586 	 -1.5445008226544488 	 -0.3880115387566718 	 0.8888696719155931 
2.5625625625625625 	 -1.548364809520475 	 -0.3918789201695638 	 0.884998541668125 
2.5665665665665665 	 -1.5522287752078867 	 -0.3957462803749756 	 0.8811274326570029 
2.5705705705705704 	 -1.5560927197122432 	 -0.39961361937068673 	 0.877256344893329 
2.5745745745745747 	 -1.5599566430402056 	 -0.4034809371566972 	 0.8733852783704421 
2.5785785785785786 	 -1.5638205451917742 	 -0.40734823373522744 	 0.8695142330883421 
2.5825825825825826 	 -1.567684426158067 	 -0.4112155091018366 	 0.8656432090492494 
2.5865865865865865 	 -1.5715482859501861 	 -0.41508276326318594 	 0.8617722062531641 
2.5905905905905904 	 -1.5754121245659114 	 -0.4189499962170551 	 0.8579012246934248 
2.5945945945945947 	 -1.5792759419985813 	 -0.4228172079590031 	 0.8540302643789133 
2.5985985985985987 	 -1.5831397382570778 	 -0.42668439849791184 	 0.8501593253029682 
2.6026026026026026 	 -1.5870035133369598 	 -0.4305515678271199 	 0.8462884074678101 
2.6066066066066065 	 -1.5908672672404478 	 -0.43441871594884773 	 0.8424175108712184 
2.6106106106106104 	 -1.5947309999653214 	 -0.4382858428653158 	 0.8385466355176341 
2.6146146146146148 	 -1.5985947115115806 	 -0.4421529485720832 	 0.8346757814048367 
2.6186186186186187 	 -1.6024584018858867 	 -0.4460200330758113 	 0.8308049485261648 
2.6226226226226226 	 -1.6063220710815784 	 -0.44988709637205915 	 0.8269341368905003 
2.6266266266266265 	 -1.6101857191030966 	 -0.45375413846304724 	 0.8230633464911818 
2.630630630630631 	 -1.6140493459460004 	 -0.4576211593465551 	 0.8191925773326503 
2.6346346346346348 	 -1.6179129516147306 	 -0.46148815902702367 	 0.8153218294104647 
2.6386386386386387 	 -1.6217765361115077 	 -0.46535513750223245 	 0.8114511027268456 
2.6426426426426426 	 -1.6256400994296705 	 -0.46922209477218146 	 0.807580397281793 
2.6466466466466465 	 -1.6295036415758801 	 -0.47308903083909115 	 0.8037097130730864 
2.650650650650651 	 -1.6333671625456958 	 -0.4769559456985206 	 0.7998390501029462 
2.6546546546546548 	 -1.637230662341338 	 -0.48082283935491077 	 0.7959684083691521 
2.6586586586586587 	 -1.641094140965027 	 -0.48468971181048204 	 0.7920977878694835 
2.6626626626626626 	 -1.6449575984123221 	 -0.4885565630585731 	 0.7882271886128223 
2.6666666666666665 	 -1.6488210346876642 	 -0.49242339310584526 	 0.7843566105880662 
2.670670670670671 	 -1.6526844497932736 	 -0.49629020195229856 	 0.7804860537952152 
2.674674674674675 	 -1.6565478437202685 	 -0.5001569895912716 	 0.7766155182453716 
2.6786786786786787 	 -1.6604112164797513 	 -0.5040237560338667 	 0.7727450039252126 
2.6826826826826826 	 -1.6642745680650606 	 -0.5078905012689816 	 0.7688745108436201 
2.6866866866866865 	 -1.6681378984761963 	 -0.5117572253032776 	 0.7650040389983737 
2.690690690690691 	 -1.6720012077198199 	 -0.5156239281389752 	 0.7611335883828119 
2.694694694694695 	 -1.6758644957892699 	 -0.5194906097716334 	 0.7572631590035961 
2.6986986986986987 	 -1.6797277626889873 	 -0.5233572702012523 	 0.7533927508607263 
2.7027027027027026 	 -1.6835910084145311 	 -0.5272239094322728 	 0.7495223639497617 
2.7067067067067065 	 -1.6874542329725628 	 -0.5310905274624744 	 0.7456519982707022 
2.710710710710711 	 -1.6913174363586414 	 -0.5349571242896367 	 0.7417816538302091 
2.714714714714715 	 -1.6951806185772078 	 -0.5388236999226415 	 0.7379113306171803 
2.7187187187187187 	 -1.6990437796238211 	 -0.5426902543503864 	 0.734041028638277 
2.7227227227227226 	 -1.7029069194984814 	 -0.546556787579533 	 0.7301707478934993 
2.7267267267267266 	 -1.7067700382056294 	 -0.5504232996100811 	 0.7263004883806268 
2.730730730730731 	 -1.7106331357474858 	 -0.5542897904442512 	 0.7224302500974389 
2.734734734734735 	 -1.7144962121151686 	 -0.5581562600776024 	 0.7185600330483766 
2.7387387387387387 	 -1.7183592673175596 	 -0.5620227085101348 	 0.7146898372312194 
2.7427427427427427 	 -1.722222301350218 	 -0.5658891357485096 	 0.7108196626437469 
2.7467467467467466 	 -1.7260853142131438 	 -0.5697555417860656 	 0.7069495092881795 
2.750750750750751 	 -1.7299483059107779 	 -0.5736219266272435 	 0.7030793771622967 
2.754754754754755 	 -1.7338112764408997 	 -0.5774882902720435 	 0.6992092662660987 
2.7587587587587588 	 -1.7376742258035094 	 -0.5813546327182451 	 0.6953391766018058 
2.7627627627627627 	 -1.7415371539986069 	 -0.5852209539680686 	 0.6914691081649771 
2.7667667667667666 	 -1.7454000610261922 	 -0.5890872540215142 	 0.687599060962274 
2.770770770770771 	 -1.7492629468884857 	 -0.5929535328763613 	 0.6837290349870351 
2.774774774774775 	 -1.753125811583267 	 -0.5968197905370509 	 0.6798590302392604 
2.7787787787787788 	 -1.7569886551149771 	 -0.600686027003583 	 0.67598904671895 
2.7827827827827827 	 -1.760851477479175 	 -0.6045522422715166 	 0.6721190844305447 
2.7867867867867866 	 -1.7647142786780812 	 -0.6084184363452927 	 0.6682491433696036 
2.790790790790791 	 -1.7685770587072547 	 -0.6122846092226908 	 0.6643792235383472 
2.794794794794795 	 -1.7724398175777978 	 -0.6161507609081518 	 0.6605093249301142 
2.798798798798799 	 -1.7763025552830491 	 -0.6200168913972348 	 0.6566394475537862 
2.8028028028028027 	 -1.7801652718207883 	 -0.6238830006921603 	 0.6527695914027021 
2.8068068068068066 	 -1.7840279671954562 	 -0.6277490887929282 	 0.6488997564790822 
2.810810810810811 	 -1.7878906414092732 	 -0.6316151557017591 	 0.645029942780706 
2.814814814814815 	 -1.791753294455578 	 -0.6354812014142119 	 0.6411601503120146 
2.818818818818819 	 -1.795615926341032 	 -0.6393472259347277 	 0.6372903790663464 
2.8228228228228227 	 -1.7994785370611943 	 -0.6432132292633064 	 0.633420629050363 
2.8268268268268266 	 -1.8033411266205057 	 -0.6470792113977275 	 0.6295509002551825 
2.830830830830831 	 -1.8072036950145254 	 -0.6509451723402115 	 0.6256811926896866 
2.834834834834835 	 -1.8110662422499146 	 -0.6548111120907585 	 0.621811506347214 
2.838838838838839 	 -1.8149287683222326 	 -0.6586770306515888 	 0.6179418412277649 
2.8428428428428427 	 -1.8187912732292588 	 -0.6625429280160411 	 0.6140721973380003 
2.8468468468468466 	 -1.822653756979875 	 -0.6664088041929972 	 0.6102025746690387 
2.850850850850851 	 -1.8265162195651996 	 -0.6702746591757958 	 0.6063329732253209 
2.854854854854855 	 -1.8303786609918937 	 -0.6741404929710981 	 0.6024633930046264 
2.858858858858859 	 -1.8342410812555165 	 -0.678006305572243 	 0.5985938340091757 
2.8628628628628627 	 -1.838103480360509 	 -0.6818720969836711 	 0.5947242962367483 
2.8668668668668666 	 -1.8419658583046505 	 -0.6857378672076031 	 0.5908547796851238 
2.870870870870871 	 -1.8458282150901617 	 -0.689603616239598 	 0.5869852843565226 
2.874874874874875 	 -1.8496905507170425 	 -0.6934693440840967 	 0.5831158102509448 
2.878878878878879 	 -1.853552865180852 	 -0.6973350507366582 	 0.5792463573683904 
2.8828828828828827 	 -1.857415158486031 	 -0.7012007361995032 	 0.5753769257110797 
2.886886886886887 	 -1.8612774306348001 	 -0.7050664004792928 	 0.571507515270131 
2.890890890890891 	 -1.8651396816249388 	 -0.7089320435671453 	 0.5676381260522056 
2.894894894894895 	 -1.8690019114520062 	 -0.7127976654630608 	 0.5637687580573036 
2.898898898898899 	 -1.8728641201248841 	 -0.7166632661759209 	 0.5598994112809841 
2.9029029029029028 	 -1.8767263076391316 	 -0.7205288456990644 	 0.5560300857276879 
2.906906906906907 	 -1.8805884739947487 	 -0.7243944040347117 	 0.5521607813951945 
2.910910910910911 	 -1.8844506191961763 	 -0.7282599411828627 	 0.5482914982790632 
2.914914914914915 	 -1.8883127432389735 	 -0.7321254571457381 	 0.5444222363859552 
2.918918918918919 	 -1.8921748461231402 	 -0.7359909519211172 	 0.5405529957114297 
2.9229229229229228 	 -1.8960369278531175 	 -0.7398564255112206 	 0.5366837762554866 
2.926926926926927 	 -1.8998989884244644 	 -0.7437218779138277 	 0.5328145780203464 
2.930930930930931 	 -1.9037610278416217 	 -0.7475873091289387 	 0.5289454010037886 
2.934934934934935 	 -1.907623046102369 	 -0.7514527191632148 	 0.5250762452035929 
2.938938938938939 	 -1.9114850432067065 	 -0.7553181080077742 	 0.5212071106242 
2.942942942942943 	 -1.9153470191568545 	 -0.7591834756670579 	 0.5173379972633896 
2.946946946946947 	 -1.9192089739550333 	 -0.7630488221455067 	 0.5134689051167207 
2.950950950950951 	 -1.9230709075923613 	 -0.7669141474342389 	 0.5095998341930752 
2.954954954954955 	 -1.9269328200799407 	 -0.7707794515421362 	 0.5057307844835712 
2.958958958958959 	 -1.9307947114111101 	 -0.7746447344647578 	 0.5018617559904293 
2.962962962962963 	 -1.93465658158809 	 -0.778509996204324 	 0.49799274871586974 
2.966966966966967 	 -1.938518430613101 	 -0.782375236760835 	 0.4941237626532313 
2.970970970970971 	 -1.9423802584817018 	 -0.7862404561320702 	 0.49025479781361625 
2.974974974974975 	 -1.946242065200554 	 -0.7901056543224705 	 0.4863858541859223 
2.978978978978979 	 -1.9501038507652169 	 -0.7939708313298155 	 0.4825169317745903 
2.982982982982983 	 -1.9539656151779106 	 -0.7978359871541052 	 0.47864803057962035 
2.986986986986987 	 -1.9578273584364148 	 -0.8017011217953396 	 0.47477915059879194 
2.990990990990991 	 -1.9616890805429499 	 -0.8055662352535187 	 0.47091029183432553 
2.994994994994995 	 -1.9655507814997364 	 -0.8094313275330833 	 0.46704145428178023 
2.998998998998999 	 -1.9694124613045538 	 -0.8132963986318131 	 0.46317263794559693 
3.003003003003003 	 -1.9732741199574022 	 -0.8171614485452672 	 0.4593038428235552 
3.007007007007007 	 -1.9771357574582815 	 -0.8210264772801068 	 0.455435068915655 
3.011011011011011 	 -1.9809973738071918 	 -0.8248914848341116 	 0.45156631622189636 
3.015015015015015 	 -1.9848589690085738 	 -0.8287564712072815 	 0.44769758474005883 
3.019019019019019 	 -1.9887205430579868 	 -0.832621436401837 	 0.4438288744701424 
3.023023023023023 	 -1.9925820959576512 	 -0.8364863804155576 	 0.439960185416588 
3.027027027027027 	 -1.996443627707567 	 -0.8403513032484433 	 0.43609151757273423 
3.031031031031031 	 -2.000305138307734 	 -0.8442162049027147 	 0.43222287094302203 
3.035035035035035 	 -2.0041666277581527 	 -0.8480810853783716 	 0.42835424552523094 
3.039039039039039 	 -2.008028096061043 	 -0.8519459446754141 	 0.4244856413171405 
3.043043043043043 	 -2.0118895432164052 	 -0.8558107827938422 	 0.4206170583209712 
3.047047047047047 	 -2.015750969222019 	 -0.8596755997358763 	 0.41674849653672297 
3.051051051051051 	 -2.0196123740778837 	 -0.8635403954948551 	 0.41287995596439586 
3.055055055055055 	 -2.0234737577862205 	 -0.8674051700796603 	 0.4090114366017694 
3.059059059059059 	 -2.0273351203492496 	 -0.8712699234880716 	 0.40514293844884364 
3.063063063063063 	 -2.03119646176253 	 -0.8751346557178685 	 0.40127446150783896 
3.067067067067067 	 -2.0350577820305027 	 -0.878999366769051 	 0.39740600577653495 
3.071071071071071 	 -2.0389190811487268 	 -0.8828640566460599 	 0.3935375712549316 
3.075075075075075 	 -2.042780359121643 	 -0.8867287253444545 	 0.3896691579430289 
3.079079079079079 	 -2.0466416159492518 	 -0.890593372866455 	 0.38580076583860645 
3.083083083083083 	 -2.050502851629332 	 -0.894457999214282 	 0.3819323949461051 
3.0870870870870872 	 -2.054364066164105 	 -0.8983226043857151 	 0.3780640452588635 
3.091091091091091 	 -2.05822525955357 	 -0.9021871883807542 	 0.3741957167813226 
3.095095095095095 	 -2.062086431797727 	 -0.9060517512016197 	 0.3703274095134823 
3.099099099099099 	 -2.0659475828965768 	 -0.9099162928483118 	 0.3664591234509018 
3.103103103103103 	 -2.069808712852339 	 -0.9137808133208303 	 0.36259085859580154 
3.1071071071071072 	 -2.073669821660573 	 -0.9176453126169548 	 0.3587226149504019 
3.111111111111111 	 -2.07753090932572 	 -0.9215097907366854 	 0.3548543925124825 
3.115115115115115 	 -2.0813919758477795 	 -0.9253742476889038 	 0.35098619127760244 
3.119119119119119 	 -2.0852530212245313 	 -0.9292386834625077 	 0.34711801125242303 
3.123123123123123 	 -2.089114045458196 	 -0.9331030980641586 	 0.3432498524325034 
3.1271271271271273 	 -2.0929750485509935 	 -0.9369674914960768 	 0.3393817148178435 
3.131131131131131 	 -2.096836030496263 	 -0.9408318637493807 	 0.33551359841066386 
3.135135135135135 	 -2.100696991302886 	 -0.9446962148351723 	 0.33164550320652353 
3.139139139139139 	 -2.104557930966422 	 -0.9485605447467904 	 0.3277774292098634 
3.1431431431431434 	 -2.1084188494868705 	 -0.952424853484235 	 0.3239093764162426 
3.1471471471471473 	 -2.112279746864232 	 -0.956289141051947 	 0.32004134483010205 
3.151151151151151 	 -2.1161406231007263 	 -0.9601534074477058 	 0.3161733344470008 
3.155155155155155 	 -2.120001478196354 	 -0.9640176526715116 	 0.3123053452691593 
3.159159159159159 	 -2.1238623121511147 	 -0.9678818767255848 	 0.3084373772921367 
3.1631631631631634 	 -2.127723124962788 	 -0.9717460796077049 	 0.30456943052259433 
3.1671671671671673 	 -2.1315839166380357 	 -0.9756102613223128 	 0.3007015049516504 
3.171171171171171 	 -2.135444687170196 	 -0.9794744218649676 	 0.2968336005859662 
3.175175175175175 	 -2.1393054365614894 	 -0.9833385612378898 	 0.2929657174255418 
3.179179179179179 	 -2.143166164811916 	 -0.9872026794388589 	 0.2890978554681567 
3.1831831831831834 	 -2.147026871928137 	 -0.9910667764745362 	 0.2852300147071496 
3.1871871871871873 	 -2.150887557901271 	 -0.9949308523382605 	 0.2813621951536227 
3.191191191191191 	 -2.154748222733538 	 -0.9987949070322522 	 0.2774943968009147 
3.195195195195195 	 -2.158608866429379 	 -1.0026589405587316 	 0.27362661964902557 
3.199199199199199 	 -2.162469488988794 	 -1.0065229529199193 	 0.2697588636979553 
3.2032032032032034 	 -2.166330090405122 	 -1.0103869441069335 	 0.2658911289499244 
3.2072072072072073 	 -2.1701906706872442 	 -1.014250914128656 	 0.26202341540271235 
3.2112112112112112 	 -2.17405122983072 	 -1.0181148629873071 	 0.2581557230518783 
3.215215215215215 	 -2.1779117678355497 	 -1.0219787906717848 	 0.254288051906304 
3.219219219219219 	 -2.1817722847039533 	 -1.025842697193191 	 0.25042040195932813 
3.2232232232232234 	 -2.1856327804337106 	 -1.0297065825470852 	 0.2465527732109507 
3.2272272272272273 	 -2.1894932550314827 	 -1.0335704467356877 	 0.2426851656611717 
3.2312312312312312 	 -2.193353708488388 	 -1.0374342897567779 	 0.2388175793122116 
3.235235235235235 	 -2.197214140811088 	 -1.041298111610356 	 0.2349500141618499 
3.239239239239239 	 -2.201074551997362 	 -1.0451619123008626 	 0.23108247021008665 
3.2432432432432434 	 -2.2049349420472097 	 -1.0490256918238572 	 0.22721494745692183 
3.2472472472472473 	 -2.2087953109606318 	 -1.05288945018156 	 0.22334744590235545 
3.2512512512512513 	 -2.212655658744289 	 -1.0567531873761915 	 0.21947996554416704 
3.255255255255255 	 -2.2165159853870797 	 -1.0606169034033108 	 0.21561250638679752 
3.259259259259259 	 -2.2203762908978852 	 -1.0644805982673589 	 0.21174506842358554 
3.2632632632632634 	 -2.224236575272265 	 -1.0683442719683356 	 0.20787765165897198 
3.2672672672672673 	 -2.2280968385146593 	 -1.0722079245040206 	 0.20401025609073642 
3.2712712712712713 	 -2.2319570806228484 	 -1.0760715558766343 	 0.20014288171887884 
3.275275275275275 	 -2.2358173015990523 	 -1.0799351660861767 	 0.19627552854339925 
3.279279279279279 	 -2.2396775014388304 	 -1.0837987551326478 	 0.19240819656429764 
3.2832832832832834 	 -2.2435376801466234 	 -1.0876623230160476 	 0.18854088578157402 
3.2872872872872874 	 -2.2473978377224313 	 -1.091525869736376 	 0.18467359619300794 
3.2912912912912913 	 -2.2512579741640337 	 -1.0953893952936333 	 0.18080632780081984 
3.295295295295295 	 -2.2551180894758716 	 -1.0992528996900397 	 0.1769390806027893 
3.299299299299299 	 -2.258978183653504 	 -1.1031163829255952 	 0.17307185459891627 
3.3033033033033035 	 -2.262838256699151 	 -1.106979844995859 	 0.1692046497936417 
3.3073073073073074 	 -2.2666983086172543 	 -1.1108432859097128 	 0.1653374661758633 
3.3113113113113113 	 -2.2705583393989315 	 -1.114706705658275 	 0.1614703037589038 
3.315315315315315 	 -2.274418349050844 	 -1.1185701042482066 	 0.15760316253166096 
3.319319319319319 	 -2.278278337572992 	 -1.1224334816772874 	 0.15373604249857564 
3.3233233233233235 	 -2.282138304967596 	 -1.1262968379477378 	 0.14986894365742742 
3.3273273273273274 	 -2.285998251227994 	 -1.130160173055117 	 0.1460018660126572 
3.3313313313313313 	 -2.2898581763608483 	 -1.1340234870060861 	 0.14213480955538316 
3.335335335335335 	 -2.2937180803617174 	 -1.137886779793984 	 0.13826777429670756 
3.339339339339339 	 -2.2975779632350424 	 -1.141750051425472 	 0.13440076022552816 
3.3433433433433435 	 -2.3014378249786027 	 -1.145613301896109 	 0.1305337673485063 
3.3473473473473474 	 -2.3052976655923985 	 -1.1494765312081157 	 0.12666679566342154 
3.3513513513513513 	 -2.30915748507865 	 -1.1533397393637124 	 0.12279984516805342 
3.3553553553553552 	 -2.3130172834373575 	 -1.1572029263606787 	 0.11893291586240196 
3.359359359359359 	 -2.3168770606663003 	 -1.1610660921967941 	 0.11506600775090803 
3.3633633633633635 	 -2.3207368167654785 	 -1.1649292368764996 	 0.11119912082913075 
3.3673673673673674 	 -2.3245965517415534 	 -1.1687923604020156 	 0.10733225509707012 
3.3713713713713713 	 -2.3284562655900842 	 -1.1726554627689012 	 0.10346541055472613 
3.3753753753753752 	 -2.33231595830663 	 -1.1765185439771564 	 0.0995985872020988 
3.3793793793793796 	 -2.3361756299000724 	 -1.1803816040290016 	 0.09573178503918811 
3.3833833833833835 	 -2.340035280368191 	 -1.1842446429266573 	 0.09186500406599407 
3.3873873873873874 	 -2.343894909708766 	 -1.1881076606656826 	 0.08799824428029623 
3.3913913913913913 	 -2.3477545179217962 	 -1.1919706572505184 	 0.08413150568653549 
3.3953953953953953 	 -2.351614105009503 	 -1.1958336326789443 	 0.08026478828027095 
3.3993993993993996 	 -2.3554736709741064 	 -1.1996965869531806 	 0.07639809205928216 
3.4034034034034035 	 -2.3593332158089453 	 -1.203559520071007 	 0.07253141703023047 
3.4074074074074074 	 -2.363192739520681 	 -1.2074224320346438 	 0.06866476318645454 
3.4114114114114114 	 -2.3670522421115336 	 -1.2112853228440912 	 0.0647981305301748 
3.4154154154154153 	 -2.370911723572622 	 -1.2151481924971286 	 0.06093151906139127 
3.4194194194194196 	 -2.374771183912827 	 -1.219011040998197 	 0.05706492878010394 
3.4234234234234235 	 -2.378630623127709 	 -1.2228738683472962 	 0.05319835968409237 
3.4274274274274275 	 -2.382490041219487 	 -1.2267366745399855 	 0.04933181177779744 
3.4314314314314314 	 -2.3863494381881623 	 -1.2305994595829262 	 0.04546528505233738 
3.4354354354354353 	 -2.3902088140315136 	 -1.2344622234672364 	 0.041598779516593964 
3.4394394394394396 	 -2.394068168753982 	 -1.238324966201798 	 0.037732295166126306 
3.4434434434434436 	 -2.3979275023533475 	 -1.2421876877866111 	 0.033865832000934404 
3.4474474474474475 	 -2.40178681483183 	 -1.2460503882150142 	 0.02999939001879781 
3.4514514514514514 	 -2.405646106187209 	 -1.2499130674958892 	 0.02613296922415742 
3.4554554554554553 	 -2.409505376419485 	 -1.253775725620354 	 0.02226656961257234 
3.4594594594594597 	 -2.4133646255308783 	 -1.257638362597291 	 0.018400191186263015 
3.4634634634634636 	 -2.4172238535213886 	 -1.2615009784222586 	 0.014533833940788554 
3.4674674674674675 	 -2.421083060391016 	 -1.2653635730952573 	 0.010667497882810295 
3.4714714714714714 	 -2.4249422461397607 	 -1.2692261466162869 	 0.006801183007887346 
3.4754754754754753 	 -2.428801410765402 	 -1.2730886989875678 	 0.0029348893160197065 
3.4794794794794797 	 -2.432660554276822 	 -1.276951230213541 	 -0.0009313831972335151 
3.4834834834834836 	 -2.436519676660698 	 -1.2808137402831044 	 -0.004797634520770089 
3.4874874874874875 	 -2.4403787779281316 	 -1.28467622920736 	 -0.008663864665692245 
3.4914914914914914 	 -2.4442378580791235 	 -1.2885386969818668 	 -0.012530073629779537 
3.4954954954954953 	 -2.448096917107012 	 -1.2924011436066252 	 -0.016396261408591073 
3.4994994994994997 	 -2.4519559550162384 	 -1.2962635690816349 	 -0.020262428006567745 
3.5035035035035036 	 -2.4558149718090228 	 -1.3001259734091164 	 -0.024128573423709554 
3.5075075075075075 	 -2.4596739674831447 	 -1.3039883565890698 	 -0.0279946976600165 
3.5115115115115114 	 -2.463532942036384 	 -1.307850718621495 	 -0.03186080071548858 
3.5155155155155153 	 -2.467391895473181 	 -1.3117130595041715 	 -0.0357268825901258 
3.5195195195195197 	 -2.471250827791316 	 -1.3155753792393199 	 -0.03959294328392815 
3.5235235235235236 	 -2.475109738993009 	 -1.3194376778291605 	 -0.04345898279689564 
3.5275275275275275 	 -2.4789686290782598 	 -1.3232999552692526 	 -0.04732500113124871 
3.5315315315315314 	 -2.482827498047069 	 -1.3271622115662574 	 -0.051190998286987366 
3.5355355355355353 	 -2.4866863458972155 	 -1.3310244467135135 	 -0.055056974261891156 
3.5395395395395397 	 -2.4905451726331407 	 -1.3348866607176824 	 -0.05892292905818053 
3.5435435435435436 	 -2.4944039782504035 	 -1.338748853574323 	 -0.06278886267585548 
3.5475475475475475 	 -2.498262762753445 	 -1.3426110252834356 	 -0.06665477511491602 
3.5515515515515514 	 -2.5021215261400442 	 -1.3464731758516812 	 -0.07052066637536214 
3.5555555555555554 	 -2.505980268412422 	 -1.3503353052723988 	 -0.07438653645719384 
3.5595595595595597 	 -2.5098389895705786 	 -1.3541974135478085 	 -0.07825238536485202 
3.5635635635635636 	 -2.5136976896100727 	 -1.3580595006779106 	 -0.08211821308945488 
3.5675675675675675 	 -2.5175563685375657 	 -1.3619215666649254 	 -0.08598401963988422 
3.5715715715715715 	 -2.5214150263508373 	 -1.3657836115088529 	 -0.08984980501391959 
3.5755755755755754 	 -2.5252736630498873 	 -1.3696456352052522 	 -0.09371556920934054 
3.5795795795795797 	 -2.529132278634716 	 -1.373507637763005 	 -0.09758131223058797 
3.5835835835835836 	 -2.532990873105323 	 -1.3773696191732299 	 -0.10144703407322098 
3.5875875875875876 	 -2.536849446463929 	 -1.3812315794425878 	 -0.10531273474168046 
3.5915915915915915 	 -2.540707998710534 	 -1.3850935185710789 	 -0.10917841423374597 
3.5955955955955954 	 -2.5445665298429176 	 -1.3889554365520418 	 -0.1130440725494175 
3.5995995995995997 	 -2.5484250398633 	 -1.3928173333943583 	 -0.11690970969091552 
3.6036036036036037 	 -2.5522835287716816 	 -1.396679209095808 	 -0.12077532566046045 
3.6076076076076076 	 -2.556141996568062 	 -1.4005410636541704 	 -0.12464092045139097 
3.6116116116116115 	 -2.560000443250221 	 -1.404402897067225 	 -0.12850649406814796 
3.6156156156156154 	 -2.5638588688270403 	 -1.4082647093460743 	 -0.13237204651295187 
3.6196196196196198 	 -2.5677172732874176 	 -1.4121265004796157 	 -0.13623757778358225 
3.6236236236236237 	 -2.5715756566380144 	 -1.4159882704722904 	 -0.14010308787781867 
3.6276276276276276 	 -2.5754340188788305 	 -1.4198500193263186 	 -0.14396857680232245 
3.6316316316316315 	 -2.5792923600076456 	 -1.42371174703948 	 -0.1478340445526527 
3.635635635635636 	 -2.5831506800289006 	 -1.4275734536117746 	 -0.15169949112880943 
3.6396396396396398 	 -2.5870089789381545 	 -1.4314351390454227 	 -0.15556491653523352 
3.6436436436436437 	 -2.590867256737628 	 -1.435296803338204 	 -0.15943032076526364 
3.6476476476476476 	 -2.594725513429541 	 -1.4391584464945595 	 -0.16329570382778158 
3.6516516516516515 	 -2.5985837490116737 	 -1.443020068510048 	 -0.16716106571390554 
3.655655655655656 	 -2.6024419634840257 	 -1.4468816693868902 	 -0.17102640643251732 
3.65965965965966 	 -2.606300156846597 	 -1.450743249125086 	 -0.17489172597695557 
3.6636636636636637 	 -2.6101583291060493 	 -1.4546048077290763 	 -0.17875702435388163 
3.6676676676676676 	 -2.6140164802535004 	 -1.4584663451921998 	 -0.18262230155885462 
3.6716716716716715 	 -2.6178746102933914 	 -1.4623278615166768 	 -0.18648755759187452 
3.675675675675676 	 -2.6217327192257223 	 -1.466189356704728 	 -0.1903527924551618 
3.67967967967968 	 -2.625590807050493 	 -1.4700508307563531 	 -0.19421800614871643 
3.6836836836836837 	 -2.6294488737721444 	 -1.4739122836715524 	 -0.19808319867253843 
3.6876876876876876 	 -2.633306919381795 	 -1.4777737154481052 	 -0.2019483700266278 
3.6916916916916915 	 -2.637164943888326 	 -1.4816351260904526 	 -0.20581352021320498 
3.695695695695696 	 -2.641022947287297 	 -1.4854965155985944 	 -0.20967864923004953 
3.6996996996997 	 -2.6448809295809284 	 -1.4893578839680899 	 -0.2135437570793819 
3.7037037037037037 	 -2.64873889076922 	 -1.4932192312033798 	 -0.21740884375898162 
3.7077077077077076 	 -2.6525968308499515 	 -1.4970805573022439 	 -0.22127390927106916 
3.7117117117117115 	 -2.656454749829784 	 -1.5009418622691229 	 -0.2251389536156445 
3.715715715715716 	 -2.660312647699836 	 -1.5048031460973554 	 -0.22900397679048723 
3.71971971971972 	 -2.664170524466769 	 -1.5086644087913825 	 -0.2328689788000382 
3.7237237237237237 	 -2.6680283801305826 	 -1.5125256503534246 	 -0.236733959642077 
3.7277277277277276 	 -2.6718862146890565 	 -1.516386870781261 	 -0.2405989193166036 
3.7317317317317316 	 -2.675744028144411 	 -1.5202480700748922 	 -0.24446385782583846 
3.735735735735736 	 -2.6796018204966465 	 -1.5241092482365381 	 -0.24832877516756113 
3.73973973973974 	 -2.6834595917413218 	 -1.5279704052617582 	 -0.2521936713417716 
3.7437437437437437 	 -2.687317341889539 	 -1.531831541159434 	 -0.25605854635513126 
3.7477477477477477 	 -2.6911750709301963 	 -1.5356926559184636 	 -0.25992340019875826 
3.7517517517517516 	 -2.6950327788699546 	 -1.5395537495477285 	 -0.26378823287931397 
3.755755755755756 	 -2.698890465708814 	 -1.5434148220472288 	 -0.2676530443967984 
3.75975975975976 	 -2.702748131442334 	 -1.5472758734125236 	 -0.27151783474455016 
3.7637637637637638 	 -2.7066057760771756 	 -1.5511369036480538 	 -0.27538260393367153 
3.7677677677677677 	 -2.710463399608898 	 -1.5549979127493785 	 -0.2792473519552807 
3.7717717717717716 	 -2.7143210020397213 	 -1.5588589007209386 	 -0.28311207881159817 
3.775775775775776 	 -2.718178583369646 	 -1.5627198675649545 	 -0.28697678450706476 
3.77977977977978 	 -2.7220361435964513 	 -1.5665808132725445 	 -0.2908414690372396 
3.7837837837837838 	 -2.7258936827245783 	 -1.5704417378525903 	 -0.2947061324043432 
3.7877877877877877 	 -2.729751200754027 	 -1.574302641305092 	 -0.2985707746105959 
3.7917917917917916 	 -2.733608697682577 	 -1.5781635236233882 	 -0.3024353956537773 
3.795795795795796 	 -2.737466173510228 	 -1.5820243848163607 	 -0.306299995531667 
3.7997997997998 	 -2.7413236282392006 	 -1.585885224877348 	 -0.31016457425092625 
3.803803803803804 	 -2.745181061869495 	 -1.5897460438107913 	 -0.3140291318071142 
3.8078078078078077 	 -2.7490384743988905 	 -1.59360684161447 	 -0.3178936682002309 
3.8118118118118116 	 -2.752895865831828 	 -1.5974676182906045 	 -0.3217581834347172 
3.815815815815816 	 -2.7567532361660874 	 -1.6013283738369744 	 -0.32562267750613216 
3.81981981981982 	 -2.7606105854016683 	 -1.605189108260241 	 -0.32948715041891674 
3.823823823823824 	 -2.7644679135407912 	 -1.6090498215515225 	 -0.33335160217085047 
3.8278278278278277 	 -2.7683252205790154 	 -1.61291051371526 	 -0.3372160327597129 
3.8318318318318316 	 -2.772182506523002 	 -1.6167711847536737 	 -0.3410804421921654 
3.835835835835836 	 -2.7760397713683105 	 -1.6206318346645432 	 -0.344944830463767 
3.83983983983984 	 -2.779897015117161 	 -1.6244924634478686 	 -0.3488091975745178 
3.843843843843844 	 -2.7837542377695534 	 -1.6283530711058702 	 -0.35267354352663816 
3.8478478478478477 	 -2.7876114393232676 	 -1.6322136576363278 	 -0.3565378683179077 
3.8518518518518516 	 -2.7914686197849647 	 -1.636074223043682 	 -0.3604021719549877 
3.855855855855856 	 -2.795325779150204 	 -1.6399347673257125 	 -0.36426645443121686 
3.85985985985986 	 -2.799182917416765 	 -1.643795290480199 	 -0.3681307157488156 
3.863863863863864 	 -2.8030400345913087 	 -1.6476557925093616 	 -0.371994955907784 
3.8678678678678677 	 -2.8068971306693946 	 -1.651516273415421 	 -0.3758591749125628 
3.8718718718718717 	 -2.810754205653243 	 -1.6553767331961566 	 -0.3797233727564908 
3.875875875875876 	 -2.814611259542854 	 -1.659237171853789 	 -0.3835875494462293 
3.87987987987988 	 -2.818468292336007 	 -1.6630975893860978 	 -0.3874517049773374 
3.883883883883884 	 -2.8223253040393637 	 -1.6669579857953032 	 -0.3913158393520355 
3.8878878878878878 	 -2.826182294644042 	 -1.670818361079185 	 -0.39517995256810323 
3.891891891891892 	 -2.8300392641589234 	 -1.6746787152421838 	 -0.3990440446322019 
3.895895895895896 	 -2.833896212577347 	 -1.6785390482820794 	 -0.4029081155398906 
3.8998998998999 	 -2.8377531399037537 	 -1.6823993601966514 	 -0.4067721652889489 
3.903903903903904 	 -2.8416100461403637 	 -1.686259650992561 	 -0.4106361938860381 
3.9079079079079078 	 -2.8454669312827363 	 -1.6901199206631468 	 -0.4145002013267174 
3.911911911911912 	 -2.849323795333092 	 -1.6939801692150702 	 -0.41836418761320715 
3.915915915915916 	 -2.8531806382914304 	 -1.6978403966438904 	 -0.4222281527455074 
3.91991991991992 	 -2.857037460157752 	 -1.7017006029496073 	 -0.4260920967213977 
3.923923923923924 	 -2.860894260934277 	 -1.705560788136662 	 -0.4299560195453189 
3.9279279279279278 	 -2.864751040618785 	 -1.7094209522006132 	 -0.43381992121505064 
3.931931931931932 	 -2.8686077992112757 	 -1.713281095145902 	 -0.43768380173059285 
3.935935935935936 	 -2.8724645367117496 	 -1.7171412169680877 	 -0.44154766109194554 
3.93993993993994 	 -2.8763212531246474 	 -1.721001317671611 	 -0.4454114993013292 
3.943943943943944 	 -2.8801779484477485 	 -1.7248613972586924 	 -0.4492753163609642 
3.947947947947948 	 -2.884034622681053 	 -1.7287214557226704 	 -0.4531391122664097 
3.951951951951952 	 -2.8878912758223407 	 -1.7325814930679861 	 -0.45700288701766567 
3.955955955955956 	 -2.891747907876052 	 -1.736441509292419 	 -0.4608666406169526 
3.95995995995996 	 -2.8956045188421875 	 -1.7403015044026304 	 -0.46473037306871134 
3.963963963963964 	 -2.899461108716306 	 -1.7441614783897386 	 -0.46859408436406014 
3.967967967967968 	 -2.903317677502848 	 -1.7480214312604048 	 -0.47245777451188076 
3.971971971971972 	 -2.9071742252040345 	 -1.751881363014629 	 -0.4763214435077323 
3.975975975975976 	 -2.911030751813204 	 -1.755741273650191 	 -0.48018509135383525 
3.97997997997998 	 -2.9148872573370177 	 -1.7596011631670905 	 -0.4840487180479691 
3.983983983983984 	 -2.9187437417732554 	 -1.763461031567548 	 -0.48791232359235437 
3.987987987987988 	 -2.922600205121917 	 -1.7673208788515637 	 -0.49177590798921145 
3.991991991991992 	 -2.9264566473830023 	 -1.771180705016917 	 -0.495639471231879 
3.995995995995996 	 -2.930313068558732 	 -1.7750405100680489 	 -0.4995030133314593 
4.0 	 -2.934169468644665 	 -1.7789002940005183 	 -0.5033665342768501 
